23.2618 -139.531 -76.6076 
22.971 -138.786 -76.5204 
23.2447 -138.376 -76.3411 
23.983 -138.947 -76.4154 
23.7055 -139.452 -76.621 
23.8203 -139.989 -76.8253 
24.48 -140.337 -76.8102 
24.8429 -140.129 -76.7231 
24.682 -139.24 -76.5588 
22.8053 -137.043 -76.3387 
22.2432 -137.993 -76.8458 
19.3929 -131.98 -76.745 
22.0054 -134.598 -76.3455 
20.7558 -136.983 -77.5659 
18.6414 -134.041 -77.9177 
17.2805 -129.52 -77.4505 
16.0154 -129.993 -78.3425 
16.6239 -132.116 -78.653 
19.9482 -128.986 -76.0009 
18.8867 -125.34 -75.9387 
21.3711 -123.876 -74.6713 
22.8387 -127.338 -74.678 
22.4043 -129.17 -75.1408 
21.6774 -129.528 -75.5656 
17.5764 -121.751 -76.2085 
20.1555 -120.832 -74.8266 
18.9389 -120.074 -75.449 
13.4924 -126.766 -79.0929 
13.8627 -124.948 -78.7178 
16.7295 -126.507 -77.5058 
14.3394 -128.225 -79.1212 
1.58859 -105.502 -83.1152 
1.57442 -105.072 -83.2664 
2.16888 -104.966 -83.0544 
3.84781 -105.617 -81.9596 
3.79255 -106.512 -81.932 
2.38132 -106.773 -82.6946 
3.01089 -104.979 -82.6819 
2.34943 -107.475 -82.7721 
4.24027 -108.135 -81.6742 
3.78998 -108.527 -82.0302 
3.13479 -108.342 -82.4802 
10.6664 -111.07 -77.7392 
10.781 -111.508 -77.7951 
10.4515 -111.62 -78.2285 
11.4112 -111.463 -77.4526 
12.0451 -112.565 -77.4519 
11.5335 -111.882 -77.7097 
11.2015 -110.045 -77.9589 
17.6203 -114.587 -75.3083 
18.6855 -111.631 -74.8576 
19.6688 -112.374 -74.4803 
19.7904 -114.665 -74.5777 
9.80267 -112.426 -79.0095 
13.4092 -114.398 -77.4375 
11.4984 -107.607 -78.5053 
14.5108 -107.313 -77.2749 
17.1374 -108.77 -75.8984 
9.10062 -107.933 -79.6625 
8.60434 -110.239 -79.8151 
32.8133 -124.562 -74.4667 
33.3198 -124.34 -75.0816 
33.7457 -124.739 -75.684 
33.7763 -125.359 -75.8905 
33.2032 -126.266 -75.379 
32.8333 -126.392 -75.0196 
32.2761 -125.659 -74.4538 
32.5331 -123.399 -74.4633 
40.0013 -120.862 -86.9489 
40.03 -121.148 -87.0786 
39.9195 -121.344 -86.8054 
39.704 -121.07 -86.3208 
31.3504 -123.578 -73.6098 
31.0301 -122.379 -73.343 
31.4224 -121.812 -73.6739 
31.8355 -122.639 -74.0953 
31.5936 -125.041 -74.093 
33.2989 -129.698 -76.5517 
32.8689 -130.591 -76.3411 
32.5587 -130.62 -75.8894 
32.3124 -130.159 -75.4259 
32.1715 -128.744 -75.0076 
32.7937 -128.454 -75.6863 
34.0315 -124.489 -76.2552 
34.3041 -124.958 -76.8989 
32.8977 -126.997 -75.48 
33.7543 -129.189 -77.1738 
34.1413 -128.485 -77.601 
34.8181 -126.944 -78.3427 
34.7257 -125.455 -77.9144 
31.8622 -126.741 -74.5586 
35.1735 -130.555 -80.521 
35.5542 -129.523 -80.7783 
35.3226 -129.326 -80.2412 
34.8089 -130.261 -79.8046 
36.0096 -130.041 -82.2222 
35.3686 -130.876 -81.2314 
32.9143 -136.233 -78.7625 
32.9872 -136.375 -79.0417 
32.7028 -136.12 -78.5911 
32.9228 -135.879 -78.8319 
32.7879 -135.835 -78.6558 
32.5884 -135.927 -78.435 
33.5376 -135.985 -79.9458 
33.1224 -135.614 -79.298 
33.2566 -135.138 -79.3817 
33.6817 -134.455 -79.8254 
34.1717 -134.693 -80.4875 
34.1745 -135.134 -80.7895 
34.7034 -133.991 -81.099 
34.51 -134.353 -80.9486 
34.1292 -133.42 -80.0853 
34.7004 -133.077 -80.8685 
34.6009 -134.5 -81.2744 
34.5292 -134.753 -81.3221 
34.7519 -134.265 -81.4528 
34.8971 -134.299 -81.8994 
35 -132.906 -81.312 
35.179 -133.515 -82.133 
32.8973 -134.618 -79.0827 
33.1329 -134.517 -79.2813 
32.8257 -134.514 -78.9689 
32.8589 -134.578 -78.97 
33.0715 -133.064 -92.241 
33.079 -133.316 -91.7646 
32.2758 -133.169 -91.9675 
33.7528 -133.653 -90.9331 
31.1807 -133.609 -91.3634 
30.3215 -134.436 -90.3256 
30.5467 -135.592 -89.0667 
31.2682 -136.005 -88.4384 
32.5703 -135.672 -88.4767 
33.3419 -135.024 -89.0358 
33.7585 -134.163 -90.0285 
33.5581 -132.999 -92.0896 
33.7953 -133.145 -91.6795 
34.4526 -136.827 -84.3662 
34.1911 -137.081 -83.5046 
34.6391 -136.208 -84.0149 
33.6222 -137.452 -84.5561 
32.8517 -138.487 -83.2453 
32.3438 -138.287 -84.343 
32.8692 -137.476 -85.1691 
33.2596 -138.127 -82.1262 
34.5274 -135.516 -81.8882 
33.6687 -136.553 -80.6834 
33.248 -137.521 -80.9262 
34.7349 -135.662 -83.3661 
34.6635 -135.432 -82.8437 
34.3658 -135.09 -81.3284 
32.9995 -135.893 -87.9216 
33.591 -135.128 -88.5868 
32.7115 -135.123 -78.7519 
32.6143 -135.132 -78.6129 
32.5345 -135.016 -78.4722 
32.5083 -134.82 -78.4706 
32.5323 -134.742 -78.4953 
32.6437 -134.722 -78.6411 
32.9624 -135.221 -79.012 
32.8892 -135.405 -78.9193 
32.7107 -135.196 -78.6841 
32.8285 -134.594 -78.8683 
29.5492 -136.861 -87.6906 
29.3187 -136.638 -87.8934 
29.9877 -136.251 -88.2602 
30.0376 -136.569 -87.891 
28.4844 -136.695 -87.6717 
29.1791 -137.193 -87.1828 
27.8191 -134.549 -89.6917 
29.2877 -134.052 -90.508 
29.6876 -133.208 -91.4946 
28.8753 -132.308 -92.136 
28.045 -132.796 -91.3718 
30.4436 -137.383 -86.7527 
30.5331 -136.608 -87.6653 
34.2638 -135.465 -87.602 
34.3938 -134.501 -88.7908 
32.715 -136.723 -86.5927 
33.6968 -136.063 -86.9403 
31.2414 -137.392 -86.3486 
27.7797 -135.689 -88.4971 
30.8864 -133.105 -91.8169 
31.7657 -132.572 -92.5753 
31.1354 -131.78 -93.3569 
30.2779 -131.621 -93.2682 
34.2043 -133.803 -90.1624 
25.4571 -129.327 -93.6535 
24.5245 -129.691 -92.7533 
25.8247 -130.094 -93.0492 
25.8529 -129.484 -93.6357 
18.5934 -121.431 -96.8508 
17.3483 -121.474 -96.0694 
18.6347 -122.506 -95.8745 
19.1397 -121.779 -96.8033 
19.4247 -124.183 -94.8643 
20.665 -123.452 -96.24 
20.744 -122.736 -96.9365 
20.1283 -122.076 -97.1123 
26.0579 -130.845 -92.4281 
24.9463 -130.875 -91.8423 
24.5635 -130.56 -91.9373 
16.1949 -121.719 -95.1018 
15.1457 -123.106 -93.2438 
15.7229 -124.118 -92.6738 
16.558 -124.746 -92.6257 
17.5782 -124.878 -93.1015 
22.7319 -133.744 -88.0674 
21.2904 -132.122 -88.6448 
22.5879 -132.467 -89.0983 
26.206 -135.443 -88.2613 
27.0155 -135.893 -88.063 
24.1611 -131.127 -91.2011 
23.6574 -131.595 -90.4797 
24.2549 -131.177 -91.1638 
20.4659 -130.884 -89.2366 
20.6862 -129.151 -90.9562 
22.2767 -128.686 -92.3383 
27.4371 -131.531 -92.3055 
26.7698 -130.209 -93.3272 
24.2258 -134.882 -87.8135 
38.852 -115.603 -83.1139 
39.0524 -115.919 -83.578 
39.1412 -115.408 -83.8751 
38.9819 -114.534 -83.5051 
38.7339 -114.911 -83.0206 
16.0705 -120.465 -95.9916 
19.0527 -119.977 -98.1285 
19.1785 -121.06 -97.3758 
19.9381 -121.034 -97.8656 
20.0941 -120.388 -98.4274 
17.2483 -119.346 -97.3946 
9.43644 -122.531 -89.989 
10.4796 -123.743 -89.0983 
10.4932 -122.914 -90.2238 
14.6581 -126.987 -89.0029 
13.9267 -126.917 -88.4719 
13.1489 -126.522 -88.2842 
12.3885 -125.537 -88.5455 
13.7086 -125.691 -89.5696 
16.8992 -125.781 -91.8055 
16.8921 -127.385 -90.1674 
19.3852 -127.836 -91.3495 
20.5651 -126.963 -92.8983 
20.6433 -125.773 -94.062 
16.2665 -125.011 -92.1621 
15.3848 -124.57 -92.0007 
14.2589 -124.529 -91.1707 
13.6273 -123.377 -91.9689 
11.4957 -122.454 -91.5329 
10.3512 -121.013 -92.3009 
9.46979 -121.131 -91.6558 
9.07934 -121.61 -90.6655 
11.4657 -119.653 -94.0525 
13.5639 -119.226 -95.3846 
21.2583 -96.3224 -85.58 
22.3977 -96.7017 -84.5526 
23.3549 -96.2428 -85.7686 
22.5685 -96.0939 -86.3763 
21.8443 -96.0255 -87.0069 
20.5069 -96.2625 -86.4285 
20.8785 -96.1668 -87.5548 
20.2771 -96.2948 -87.004 
6.33258 -112.518 -95.5559 
6.63728 -112.447 -95.6221 
6.83433 -112.828 -95.5452 
6.14921 -112.763 -95.3834 
6.11741 -112.576 -95.4704 
5.77049 -112.442 -95.408 
6.26233 -112.261 -95.467 
5.01694 -112.699 -95.1003 
5.41021 -112.861 -95.0425 
5.09912 -112.407 -95.0887 
6.81846 -111.901 -95.5078 
4.57408 -112.262 -94.8605 
4.7345 -112.551 -94.798 
4.0458 -111.634 -94.4251 
5.17037 -110.756 -94.6234 
7.62693 -111.031 -95.4297 
5.07459 -113.062 -94.6792 
4.54434 -112.721 -94.5076 
7.91457 -113.111 -95.5026 
8.62639 -112.078 -95.6911 
5.97503 -113.935 -94.33 
5.29083 -113.52 -94.3119 
3.93841 -112.619 -94.0896 
4.87871 -113.575 -93.9177 
14.6126 -99.8304 -91.9146 
15.4052 -99.2531 -91.7321 
15.3961 -98.9378 -91.1277 
14.1107 -98.8955 -90.1619 
12.0772 -98.135 -86.4072 
12.5283 -97.9791 -87.2006 
12.785 -98.1182 -87.8614 
13.0385 -98.7056 -88.8889 
11.7366 -99.5163 -88.7957 
11.1367 -99.5055 -87.9832 
11.3694 -98.8654 -86.7634 
11.0817 -100.441 -89.4917 
11.3271 -102.409 -92.2429 
12.488 -101.671 -92.2777 
11.2877 -101.458 -90.9892 
13.628 -101.142 -92.4553 
8.77712 -98.582 -84.3421 
9.56494 -99.5136 -83.9101 
9.98055 -99.3407 -84.9321 
9.00189 -99.4662 -86.2309 
8.70556 -98.5055 -85.2386 
9.67196 -96.7577 -84.5877 
9.21903 -97.2693 -84.4499 
9.6352 -96.5345 -84.4837 
9.84786 -96.5956 -84.5649 
9.74856 -97.2908 -84.9536 
10.9502 -98.9131 -86.047 
10.3789 -99.3459 -86.7532 
10.7365 -99.0534 -85.2118 
11.3411 -98.5924 -85.4572 
26.9697 -139.735 -84.9564 
27.0004 -139.963 -84.725 
26.7879 -139.85 -84.7702 
27.6615 -137.116 -87.1556 
28.2407 -137.758 -86.5643 
27.0649 -136.576 -87.4649 
30.6085 -138.106 -85.7346 
29.4774 -138.816 -85.2548 
28.4772 -138.432 -85.8133 
31.324 -131.069 -94.1982 
30.8273 -130.762 -94.3268 
34.2818 -103.715 -79.5738 
33.2843 -103.344 -79.0025 
32.9821 -104.161 -78.1076 
33.9311 -104.625 -78.9184 
35.2868 -103.419 -81.0722 
36.6235 -105.049 -81.7803 
36.0765 -106.018 -80.5574 
34.5468 -105.966 -79.0033 
34.2947 -102.712 -80.5756 
37.5908 -107.225 -81.4464 
37.4971 -106.401 -82.0601 
36.9499 -107.045 -81.0258 
37.1846 -107.839 -80.9787 
33.6836 -107.299 -77.5011 
34.7883 -109.045 -78.1848 
36.3128 -108.973 -79.7923 
36.9193 -108.48 -80.5667 
32.4586 -104.683 -77.2672 
32.2495 -105.71 -76.5296 
32.6382 -106.649 -76.5946 
32.021 -106.879 -75.8084 
31.5952 -105.885 -75.837 
32.5906 -107.553 -76.2665 
31.4516 -105.079 -76.0908 
32.0678 -104.218 -77.3723 
37.3876 -116.785 -80.9564 
37.1339 -115.684 -80.5929 
36.0569 -114.882 -79.1775 
36.3441 -116.689 -79.601 
39.4061 -112.413 -84.5852 
38.7363 -111.307 -83.161 
38.0943 -111.615 -82.03 
38.5158 -113.168 -82.7252 
38.8913 -113.413 -83.6082 
39.5938 -115.57 -85.2716 
39.8074 -113.902 -86.1014 
38.3405 -114.523 -82.4932 
37.8625 -115.484 -81.7766 
37.0901 -111.657 -80.6328 
35.8788 -112.97 -79.1573 
38.1062 -116.299 -82.1939 
32.7835 -135.525 -78.7074 
34.9382 -132.049 -80.8832 
34.7829 -131.359 -80.2713 
33.9701 -132.617 -79.4107 
34.0029 -132.136 -79.2634 
34.2521 -131.45 -79.408 
33.7739 -132.263 -78.9802 
33.4131 -132.022 -78.324 
34.0012 -130.903 -78.6805 
33.3938 -131.612 -78.1119 
33.0689 -132.132 -77.9383 
32.3842 -133.503 -78.0098 
32.3505 -133.895 -78.2026 
32.4385 -134.106 -78.3511 
32.604 -134.321 -78.5675 
32.6767 -132.863 -77.8758 
32.391 -133.733 -78.0956 
32.4236 -134.057 -78.2602 
32.4015 -133.814 -78.0719 
32.5468 -134.325 -78.405 
32.2296 -133.911 -77.9178 
32.2465 -133.985 -77.9498 
32.2953 -134.074 -77.995 
32.4437 -134.27 -78.1747 
32.3582 -133.692 -77.8957 
17.4634 -130.088 -87.9179 
16.66 -128.857 -88.5137 
15.6755 -129.041 -87.5094 
16.3879 -130.072 -87.0056 
16.9169 -131.544 -85.9089 
17.8277 -132.183 -86.1039 
18.5797 -132.134 -86.7189 
19.4657 -131.291 -88.1144 
14.3911 -127.786 -87.8447 
13.8503 -127.184 -88.0715 
21.6289 -127.26 -93.2248 
18.0583 -132.863 -85.6782 
18.4116 -132.882 -85.8757 
13.3235 -126.892 -87.8846 
12.9723 -127.019 -87.3261 
13.5041 -127.803 -86.8684 
12.5097 -127.088 -86.6177 
12.2232 -126.262 -87.2627 
18.0371 -133.367 -85.1313 
18.5861 -133.679 -85.24 
5.34322 -119.622 -88.5751 
6.06878 -119.801 -89.4158 
6.5461 -120.412 -89.0036 
5.85026 -119.962 -88.1844 
8.02634 -122.457 -87.5124 
7.21401 -121.753 -86.9042 
6.34343 -120.531 -87.4484 
7.60336 -121.425 -88.7814 
7.96923 -122.407 -86.8237 
9.12772 -120.603 -91.9718 
8.18381 -120.21 -91.7626 
7.73605 -120.192 -91.3964 
7.69833 -120.427 -90.9029 
8.327 -121.163 -90.4369 
8.56163 -119.985 -92.0805 
7.1553 -119.932 -90.8225 
7.57969 -119.686 -91.4732 
8.20635 -121.41 -89.7894 
7.42016 -120.635 -89.9651 
7.16934 -120.137 -90.3429 
4.23559 -100.224 -86.6377 
4.41227 -100.943 -87.3969 
2.92864 -101.476 -87.3288 
3.03179 -100.89 -86.5327 
3.65812 -100.434 -86.2836 
5.01769 -99.7448 -86.1765 
6.06749 -99.5031 -86.1025 
5.93013 -100.505 -87.1671 
4.88188 -99.7852 -85.7462 
6.17583 -99.274 -85.682 
4.22417 -100.239 -85.9063 
4.89397 -102.325 -89.522 
4.66608 -102.951 -90.0486 
4.55066 -102.687 -89.6694 
5.53347 -101.628 -88.6364 
4.03484 -102.728 -89.3817 
4.69407 -101.83 -88.4477 
7.19758 -100.927 -87.9751 
1.91328 -106.408 -91.876 
2.64583 -106.424 -92.1693 
3.12605 -106.024 -92.0274 
2.78807 -105.964 -91.8139 
1.83587 -104.373 -90.0449 
0.911355 -104.687 -89.4878 
0.963698 -105.671 -90.5085 
1.8405 -104.925 -90.3983 
2.97138 -103.804 -89.9389 
1.62778 -102.891 -87.8796 
1.10099 -103.885 -88.5436 
3.07829 -104.252 -90.4728 
4.65191 -103.973 -90.8895 
3.63561 -104.369 -90.7507 
2.73646 -104.676 -90.5926 
3.22366 -104.855 -90.9725 
3.30782 -105.466 -91.5581 
1.36636 -106.368 -91.386 
3.8685 -105.572 -91.8593 
5.68407 -104.681 -91.763 
8.25158 -101.953 -89.8228 
7.38963 -103.713 -91.3514 
12.4516 -95.7762 -84.455 
11.6461 -95.3098 -84.3773 
11.441 -95.0638 -84.3507 
11.9905 -95.2888 -84.5007 
17.0263 -96.4108 -84.8911 
16.7441 -96.627 -84.4957 
15.7022 -96.5162 -84.4671 
16.108 -96.2871 -85.1778 
11.575 -94.4439 -84.3803 
11.3597 -94.4433 -84.273 
11.2526 -94.727 -84.2707 
12.129 -95.0191 -84.6672 
13.2749 -95.4611 -85.08 
15.0703 -96.0439 -85.4008 
14.5138 -96.4336 -84.2869 
10.7046 -96.6018 -85.0268 
11.3167 -96.5369 -85.2532 
11.0325 -96.5285 -85.2226 
11.1082 -95.3593 -84.3975 
10.7598 -95.7042 -84.4737 
10.7619 -95.5193 -84.4477 
10.9858 -95.3416 -84.3831 
11.7286 -96.6008 -84.8862 
10.848 -96.3583 -84.7525 
30.5915 -105.188 -75.2277 
30.6201 -105.884 -74.9978 
31.1487 -107.592 -74.7302 
31.5391 -108.275 -74.8699 
32.1137 -108.453 -75.4339 
30.3843 -106.752 -74.5182 
32.1796 -109.587 -75.2058 
32.6269 -110.591 -75.5295 
33.4582 -111.313 -76.3515 
34.2401 -110.921 -77.3985 
32.2431 -111.487 -75.0149 
32.2366 -110.855 -75.102 
31.2877 -108.81 -74.4899 
30.5068 -108.526 -73.962 
31.7799 -109.641 -74.8196 
31.8306 -110.516 -74.7448 
31.4273 -111.108 -74.3404 
30.1741 -109.409 -73.4717 
30.5144 -110.335 -73.6472 
31.0809 -135.201 -76.2865 
30.735 -135.076 -76.1557 
30.4027 -135.952 -76.6789 
31.3326 -135.647 -77.118 
31.0509 -134.412 -76.0045 
30.5786 -133.783 -75.6818 
31.449 -133.947 -76.2753 
31.7677 -135.366 -77.3746 
31.6883 -134.429 -76.9571 
31.2146 -132.091 -75.2188 
30.4628 -131.053 -74.6556 
30.0968 -132.149 -74.8888 
31.429 -133.141 -75.9661 
29.1228 -131.493 -74.4184 
29.4454 -130.472 -74.3677 
28.1117 -132.604 -74.7831 
28.4298 -135.057 -75.8948 
26.9351 -132.179 -74.7473 
26.7237 -134.113 -75.5126 
25.6478 -131.224 -74.725 
25.127 -132.668 -75.2484 
25.7879 -133.931 -75.6004 
31.9776 -131.962 -75.7453 
31.9533 -131.321 -75.4521 
31.6937 -131.737 -75.5628 
31.642 -133.502 -76.326 
31.8235 -133.253 -76.385 
31.9966 -132.519 -76.2527 
31.8822 -130.547 -75.29 
31.665 -129.566 -74.9848 
30.8729 -129.251 -74.57 
29.1822 -140.615 -77.5731 
29.8203 -140.706 -78.0889 
29.9542 -140.168 -77.9225 
29.2948 -139.899 -77.5717 
28.7537 -140.016 -77.4342 
27.5044 -142.897 -79.0785 
26.9849 -142.912 -78.6985 
27.0643 -142.837 -78.366 
27.5505 -142.367 -78.2668 
27.9184 -142.415 -78.7403 
26.7383 -139.399 -76.5032 
27.2292 -139.814 -76.8078 
26.9888 -140.132 -76.9749 
26.4371 -139.633 -76.7849 
32.0295 -140.736 -79.4672 
31.5994 -140.696 -79.1791 
31.93 -140.296 -79.3449 
31.9812 -140.628 -80.1181 
32.1795 -139.98 -79.8343 
32.0793 -140.151 -80.2798 
31.3521 -141.229 -79.9433 
31.0568 -140.886 -79.2229 
31.0426 -141.613 -80.2013 
30.5745 -141.944 -80.2262 
30.0608 -142.065 -79.9044 
29.6535 -141.827 -79.1882 
30.1051 -140.999 -78.8849 
13.5244 -131.732 -81.6258 
13.2014 -131.502 -81.2859 
13.3077 -131.658 -80.9587 
13.7231 -132.152 -80.7698 
13.9035 -132.284 -80.9714 
17.9972 -134.619 -83.7342 
19.114 -135.195 -84.1584 
19.0254 -135.616 -83.5329 
19.3541 -134.814 -84.7235 
17.5671 -133.426 -84.52 
17.3706 -136.207 -80.6875 
16.4612 -135.091 -81.1705 
16.5982 -135.352 -80.7826 
20.1199 -138.76 -80.8282 
20.1926 -138.633 -81.2134 
19.777 -137.889 -81.5746 
19.3171 -137.852 -80.8752 
20.7188 -139.002 -81.2828 
20.8943 -139.137 -81.1233 
21.1737 -139.056 -81.5359 
23.4899 -138.476 -84.5156 
24.0267 -138.553 -84.8319 
24.1075 -139.036 -84.3892 
23.8919 -139.333 -83.843 
20.88 -136.533 -84.4236 
21.2465 -136.581 -84.6939 
21.4679 -136.751 -84.7116 
21.7365 -137.133 -84.4852 
21.1411 -137.135 -83.9277 
21.5042 -136.448 -84.9661 
21.8059 -136.056 -85.4856 
20.3339 -135.629 -84.7077 
22.6295 -136.736 -85.5116 
22.6422 -137.421 -84.836 
23.0822 -136.804 -85.7666 
24.1259 -138.065 -85.348 
23.9098 -137.437 -85.7495 
23.507 -137.018 -85.8437 
20.8091 -137.732 -82.8652 
23.5228 -139.778 -82.9312 
22.3694 -139.508 -82.1412 
21.5081 -138.854 -82.0589 
19.9312 -137.031 -82.671 
16.6337 -133.911 -82.8421 
18.5228 -137.144 -80.6858 
18.9218 -137.439 -80.5037 
18.3245 -136.766 -80.317 
15.1073 -134.288 -80.1731 
15.5532 -134.533 -80.5357 
14.8302 -133.835 -80.4081 
14.9008 -133.908 -80.2427 
14.7751 -133.646 -80.1389 
14.3966 -132.923 -80.5397 
15.018 -133.921 -80.0932 
15.4254 -132.094 -83.6324 
14.2535 -131.437 -82.8266 
16.6905 -132.311 -84.7131 
15.9539 -134.781 -80.4801 
15.6442 -134.369 -80.1784 
12.907 -130.814 -81.4875 
12.8092 -130.1 -82.4059 
13.7855 -130.638 -83.1955 
12.5704 -130.018 -81.5263 
12.5428 -129.661 -82.1062 
14.0864 -132.28 -80.5805 
13.3846 -131.295 -80.9506 
14.3005 -130.361 -84.3245 
12.3624 -129.136 -83.1367 
12.6504 -128.817 -84.2413 
13.7707 -129.498 -84.7756 
31.1683 -125.777 -74.0892 
30.4487 -127.27 -74.1816 
32.4097 -131.169 -76.0524 
32.1858 -131.829 -76.1647 
32.1064 -130.725 -75.6389 
28.6473 -140.401 -84.0455 
28.6851 -140.88 -83.5234 
29.0516 -141.124 -83.0772 
29.9533 -140.353 -83.4138 
29.323 -139.793 -84.2319 
31.2868 -141.288 -81.7426 
31.172 -141.6 -81.2811 
31.3703 -141.353 -81.3187 
31.6357 -140.656 -81.8003 
31.4065 -140.572 -82.0672 
30.8964 -141.235 -81.8984 
30.5953 -141.733 -81.2777 
30.6622 -140.44 -82.7337 
29.7233 -142.072 -81.3235 
29.1694 -141.908 -81.9002 
28.9428 -141.58 -82.3869 
32.5551 -134.998 -78.4076 
32.6269 -135.082 -78.4887 
32.5865 -138.622 -79.5723 
32.8443 -137.878 -79.9841 
32.516 -138.01 -79.5447 
32.6451 -139.179 -80.9354 
32.117 -139.897 -80.8574 
31.9167 -139.791 -82.0045 
32.3271 -139.192 -79.9402 
31.157 -138.712 -84.5481 
30.5384 -139.75 -83.5606 
27.9736 -142.787 -80.5054 
28.6992 -142.635 -80.28 
29.1525 -142.476 -80.4592 
29.3256 -142.275 -80.8511 
28.6425 -142.354 -81.2081 
28.1369 -142.455 -81.0604 
27.812 -142.279 -81.4569 
27.4152 -142.623 -80.7944 
27.3389 -142.341 -81.1242 
28.3945 -142.099 -81.7087 
28.7304 -141.901 -81.9369 
28.462 -141.348 -83.0182 
28.2746 -141.639 -82.6354 
28.1747 -141.411 -82.8863 
28.6655 -141.743 -82.1732 
28.3189 -141.763 -82.226 
30.4742 -141.866 -80.6469 
29.752 -142.065 -80.4357 
25.7528 -139.888 -84.4533 
26.0615 -139.729 -84.7409 
25.9206 -139.465 -84.9611 
25.5722 -139.364 -84.9091 
25.559 -139.656 -84.5779 
26.4756 -140.288 -84.2701 
26.9562 -140.517 -84.0864 
26.8708 -140.673 -83.8554 
26.4203 -140.649 -83.6759 
26.0799 -140.281 -84.0069 
26.3841 -139.857 -84.6402 
27.2503 -140.242 -84.364 
26.1642 -139.274 -85.1854 
26.204 -138.927 -85.4774 
26.3739 -139.055 -85.3858 
27.7941 -140.221 -84.3183 
27.5446 -139.426 -85.093 
27.1293 -139.261 -85.267 
27.7152 -140.757 -83.7482 
27.2072 -140.712 -83.7661 
27.2841 -140.958 -83.4045 
27.5422 -140.927 -83.4269 
26.7399 -138.964 -85.4721 
26.2129 -139.605 -84.8333 
26.4574 -138.804 -85.5616 
25.4175 -137.159 -86.7661 
25.6451 -137.416 -86.623 
25.3058 -137.485 -86.4658 
25.2275 -137.334 -86.5503 
25.8319 -136.382 -87.3904 
25.4773 -136.706 -87.0571 
25.1873 -136.596 -87.0033 
24.7442 -137.178 -86.5007 
24.7464 -136.908 -86.6862 
24.8789 -136.763 -86.8012 
24.9347 -137.379 -86.3932 
26.2308 -137.592 -86.6071 
26.7851 -137.335 -86.8457 
26.5768 -136.754 -87.2079 
26.2829 -137.965 -86.2918 
26.6844 -137.862 -86.368 
25.1746 -137.722 -86.1923 
25.8891 -138.042 -86.1234 
25.6278 -137.983 -86.0855 
21.6253 -139.199 -81.6873 
23.7327 -141.677 -80.179 
23.6491 -141.553 -79.9384 
23.3303 -141.261 -80.1125 
23.6623 -141.443 -80.6757 
23.8868 -141.545 -80.5482 
24.0524 -141.388 -80.9971 
23.1174 -140.929 -80.5647 
23.7721 -141.058 -81.2958 
23.0158 -140.546 -81.117 
22.1588 -139.689 -81.4705 
21.5659 -139.595 -80.8813 
20.3679 -138.769 -80.2664 
19.5838 -137.859 -80.1866 
21.2914 -139.414 -80.5454 
23.7917 -101.466 -72.4229 
23.9801 -101.522 -72.6711 
23.6789 -101.231 -72.94 
24.343 -102.411 -72.2316 
23.8071 -102.379 -72.3443 
23.397 -103.321 -72.2577 
23.7209 -103.915 -72.0805 
24.5208 -104.259 -71.901 
24.6488 -103.522 -72.0631 
23.2977 -100.837 -73.0953 
22.969 -100.831 -73.2027 
22.6654 -101.169 -73.3152 
22.5214 -101.718 -73.1781 
22.6259 -102.319 -72.9048 
22.9109 -103.048 -72.735 
24.9884 -102.91 -72.0233 
25.2689 -102.934 -72.2485 
24.8605 -102.718 -72.4419 
25.0676 -103.833 -72.0191 
25.5846 -104.935 -71.8739 
25.2107 -105.736 -71.8013 
25.8407 -103.853 -72.4399 
23.2991 -104.382 -72.4267 
23.4584 -105.754 -72.462 
25.2065 -106.679 -71.7668 
24.8315 -107.325 -71.9813 
24.0439 -106.791 -72.4087 
26.9511 -106.938 -71.6433 
27.5126 -107.763 -71.7748 
27.9838 -107.045 -72.3651 
27.6365 -106.083 -72.5645 
26.649 -112.557 -70.7929 
26.9143 -112.028 -70.6116 
27.0269 -111.606 -70.6862 
27.1805 -110.68 -70.9779 
27.4147 -108.949 -71.6215 
26.4607 -107.801 -71.3878 
26.4351 -109.807 -71.1028 
26.4324 -111.048 -71.0607 
28.5189 -106.52 -73.0159 
28.0688 -105.862 -72.9664 
26.2627 -110.724 -71.2582 
26.9477 -112.065 -70.814 
27.0065 -111.515 -70.8968 
27.0228 -112.597 -70.9784 
27.5929 -108.379 -71.9395 
26.1333 -106.734 -71.7529 
26.707 -111.378 -71.2298 
26.4428 -109.586 -71.7152 
27.2787 -108.947 -71.9366 
27.0347 -114.068 -71.1683 
26.7544 -113.174 -71.401 
26.5387 -114.048 -71.6681 
27.0918 -114.222 -71.1863 
26.559 -115.009 -71.5203 
25.9864 -111.312 -71.4913 
26.0376 -114.345 -71.8633 
25.6294 -108.973 -71.7048 
25.5446 -107.125 -71.8938 
25.311 -108.635 -72.0175 
27.6314 -127.586 -73.3954 
28.7678 -128.856 -73.9034 
29.3634 -126.772 -73.7592 
28.9016 -124.297 -73.1395 
27.5797 -123.276 -72.8926 
27.1542 -125.619 -73.2996 
26.7743 -127.971 -73.7405 
28.5998 -130.509 -74.3252 
27.9401 -131.122 -74.5621 
27.1809 -130.335 -74.4946 
26.3569 -126.086 -73.5527 
25.4069 -123.19 -73.3634 
26.4732 -121.749 -72.9149 
26.4583 -118.713 -72.3874 
27.6348 -121.067 -72.7796 
25.1286 -116.965 -72.5978 
23.5205 -118.62 -73.3476 
22.0489 -116.971 -73.8228 
24.4792 -116.151 -72.9626 
23.4563 -121.887 -73.9537 
20.4129 -118.518 -74.6589 
24.8123 -128.692 -74.5357 
25.985 -127.503 -74.0806 
23.8097 -134.827 -75.9492 
23.6524 -136.683 -76.2576 
24.2773 -138.102 -76.4044 
25.2398 -138.715 -76.5237 
26.3047 -137.927 -76.3826 
25.6305 -135.071 -75.9739 
27.5489 -138.383 -76.6716 
28.4275 -137.321 -76.6987 
26.5603 -142.858 -78.2667 
26.2451 -142.685 -78.2171 
26.3088 -142.708 -78.3245 
25.2641 -140.398 -76.9797 
25.6063 -139.427 -76.8526 
23.8272 -140.437 -77.2466 
24.4547 -140.751 -77.2705 
24.7255 -140.505 -77.1734 
22.5599 -138.912 -77.0572 
22.214 -139.288 -77.6294 
21.5456 -138.712 -78.0981 
22.5686 -139.879 -77.855 
23.1509 -140.22 -77.8255 
22.348 -139.76 -78.28 
23.0725 -140.427 -78.3184 
24.7531 -140.909 -77.5019 
24.5848 -141.06 -77.8603 
23.8199 -140.932 -78.3373 
25.9306 -142.637 -78.4316 
25.7899 -142.097 -78.1516 
26.1883 -142.64 -78.495 
15.3113 -133.92 -79.7234 
15.1286 -133.724 -79.9446 
15.0816 -133.455 -80.0034 
15.8726 -133.885 -79.4752 
15.2633 -132.394 -79.6196 
14.9402 -132.66 -80.1329 
21.4222 -139.448 -79.098 
20.9616 -138.697 -78.8806 
19.9269 -137.994 -79.4002 
20.5974 -138.619 -79.6217 
23.774 -141.322 -78.8602 
23.34 -141.085 -78.9847 
22.9445 -140.634 -78.8701 
22.181 -139.844 -78.9022 
17.8382 -134.953 -78.7861 
18.0565 -135.897 -79.2672 
17.0282 -134.698 -79.287 
18.8854 -136.834 -79.4883 
18.7054 -136.693 -79.7421 
19.4642 -137.413 -79.8185 
22.6426 -130.392 -75.4798 
23.8721 -132.497 -75.6805 
13.0952 -130.435 -80.6347 
13.8163 -130.844 -80.2734 
13.1019 -129.753 -80.5125 
12.5359 -129.549 -81.194 
12.5239 -128.992 -80.8615 
11.5952 -127.919 -81.1563 
11.3167 -126.823 -81.1381 
12.0568 -128.097 -81.0278 
11.963 -128.591 -81.8137 
10.2567 -126.137 -83.8058 
11.078 -127.429 -83.2479 
10.8771 -126.883 -83.9385 
10.3896 -125.243 -81.8586 
9.85488 -124.774 -83.1259 
11.6288 -128.129 -82.6272 
11.8645 -128.363 -82.8816 
12.2493 -128.829 -82.3147 
10.4773 -123.922 -81.4518 
11.5792 -125.851 -80.8526 
8.77361 -123.073 -83.623 
10.0148 -125.183 -85.3024 
8.03107 -122.567 -84.9987 
8.50304 -123.18 -85.52 
9.02524 -123.812 -85.6164 
12.8493 -126.836 -79.9647 
11.4719 -121.349 -79.8252 
6.98013 -121.338 -85.8248 
7.01047 -120.964 -84.9958 
2.43245 -116.434 -87.5884 
3.13634 -117.234 -87.7318 
3.67281 -117.789 -87.2416 
2.07933 -114.953 -85.8312 
1.35633 -114.493 -86.4223 
1.78523 -115.129 -86.9614 
4.7394 -118.779 -86.6042 
5.18268 -118.512 -85.4343 
3.78874 -115.805 -84.9103 
5.91262 -120.004 -86.5679 
8.17945 -116.792 -81.02 
6.07184 -115.647 -82.4469 
5.04786 -115.389 -83.42 
5.25644 -114.728 -82.9583 
7.22332 -113.381 -81.02 
13.4644 -119.731 -78.2942 
14.0245 -117.994 -77.7685 
4.6131 -113.177 -82.9786 
2.98797 -114.488 -84.7905 
3.22248 -113.436 -84.282 
22.5326 -102.455 -73.0787 
22.717 -103.397 -72.9575 
18.1413 -107.372 -75.5133 
17.3656 -105.666 -76.382 
14.9295 -105.683 -77.6969 
5.30607 -105.652 -81.616 
7.44044 -106.019 -80.8523 
5.39961 -109.46 -81.2415 
6.8587 -110.294 -80.7491 
10.0346 -95.0189 -84.2154 
10.0641 -95.0608 -84.2607 
10.1425 -95.0229 -84.2586 
10.1733 -95.0919 -84.275 
12.7217 -100.539 -81.5119 
11.2189 -100.856 -81.8822 
11.6724 -100.45 -82.3887 
10.5714 -102.014 -81.2727 
10.7712 -103.092 -80.5363 
12.9249 -104.066 -79.3407 
14.6007 -102.153 -79.6802 
13.9167 -101.014 -80.8091 
9.94598 -104.265 -80.4031 
11.5501 -105.35 -79.5039 
27.9818 -110.153 -71.974 
27.6433 -109.687 -71.9428 
27.0581 -109.839 -71.9641 
27.3133 -110.592 -72.0798 
26.3464 -110.804 -72.2048 
26.0449 -109.683 -72.1466 
22.6344 -110.25 -73.2321 
25.1869 -111.341 -72.5951 
24.3617 -108.543 -72.5242 
22.3071 -108.691 -73.395 
21.8709 -105.706 -73.3854 
23.0519 -106.274 -72.8742 
23.8485 -107.29 -72.7311 
21.2389 -106.918 -73.9097 
20.7026 -105.598 -74.531 
20.1318 -107.814 -74.5047 
20.9742 -109.175 -74.0971 
22.6752 -104.632 -73.047 
29.4531 -118.855 -72.1634 
29.9066 -119.91 -72.6814 
29.4337 -119.991 -72.6224 
28.9081 -121.286 -72.9098 
30.1889 -121.712 -73.1187 
29.6649 -122.835 -73.3116 
27.7103 -115.161 -71.3368 
28.3579 -116.169 -71.5706 
29.0229 -117.542 -72.0587 
26.5765 -139.685 -81.4383 
26.5786 -139.689 -81.4335 
26.5706 -139.685 -81.4564 
26.5693 -139.692 -81.451 
26.5932 -139.69 -81.4222 
26.2805 -142.629 -78.7028 
11.9588 -127.778 -84.9327 
11.4957 -127.293 -84.8661 
11.2672 -127.008 -84.6462 
14.2959 -129.246 -85.6912 
11.9825 -127.101 -85.8153 
11.4243 -126.906 -85.1315 
11.4699 -126.482 -85.8353 
10.922 -125.432 -86.571 
16.2418 -134.217 -79.5602 
13.4583 -127.925 -79.8777 
15.0937 -119.764 -77.54 
12.6022 -128.585 -80.8063 
13.1608 -128.682 -80.4865 
19.0489 -117.706 -75.2816 
6.49733 -111.197 -81.0852 
5.42007 -109.962 -81.5119 
27.6001 -114.923 -71.956 
27.7574 -113.997 -72.2468 
26.5526 -112.919 -72.3905 
26.2751 -114.511 -72.3841 
20.5426 -110.878 -74.3027 
26.911 -142.54 -80.7491 
26.8099 -142.584 -80.377 
27.3893 -142.622 -80.0135 
28.6621 -142.062 -78.8669 
28.2369 -141.568 -78.0863 
27.4504 -141.447 -77.8221 
28.8428 -142.279 -79.5797 
28.8089 -142.331 -79.9387 
26.8259 -141.043 -77.5494 
25.7615 -140.812 -77.4661 
25.1902 -141.071 -77.8012 
25.7192 -142.397 -78.8937 
24.2515 -141.697 -79.3033 
25.0041 -142.039 -79.5145 
25.5082 -142.197 -80.1209 
26.0681 -142.3 -80.4185 
26.5007 -142.334 -80.7251 
23.2736 -141.014 -79.3054 
23.9417 -141.477 -79.579 
24.5355 -141.764 -79.7687 
24.712 -141.86 -80.1783 
25.4542 -141.99 -80.4496 
24.1123 -141.59 -80.3204 
24.8961 -141.451 -81.48 
25.5296 -141.763 -81.0611 
24.2812 -141.021 -81.8117 
24.634 -141.114 -81.8382 
22.8839 -140.756 -79.7916 
22.4341 -140.345 -79.701 
22.0367 -139.745 -79.2768 
24.4614 -139.903 -83.5482 
24.3837 -140.354 -82.8188 
24.4643 -140.748 -82.282 
6.47414 -119.223 -90.5891 
6.91686 -119.864 -90.2178 
11.3865 -117.555 -95.5193 
10.6434 -117.954 -94.9209 
10.1583 -117.438 -94.8867 
10.4885 -116.983 -95.2052 
16.5789 -117.643 -98.0132 
14.6112 -116.188 -97.5365 
13.2334 -117.636 -96.1056 
10.498 -118.645 -94.2663 
9.41244 -118.322 -93.8893 
9.35464 -117.308 -94.3733 
8.59336 -118.865 -92.9612 
8.41485 -119.263 -92.4914 
8.05725 -118.883 -92.4643 
7.17717 -118.555 -91.9096 
5.86936 -117.195 -91.8471 
11.0356 -114.64 -96.3436 
12.7699 -114.348 -97.1812 
10.5107 -113.539 -96.281 
9.99279 -115.956 -95.2863 
8.49207 -116.191 -94.3509 
6.15779 -115.383 -93.3918 
26.5242 -142.202 -81.0219 
26.2055 -141.888 -81.2368 
24.7315 -140.9 -82.206 
25.0803 -140.842 -82.5195 
25.3495 -141.231 -82.0347 
26.59 -139.686 -81.435 
26.5803 -139.694 -81.4428 
26.5783 -139.692 -81.4546 
21.9556 -139.944 -80.4702 
22.5221 -140.373 -80.3791 
25.3698 -139.728 -84.3812 
25.1118 -139.916 -83.9623 
25.6785 -140.351 -83.641 
25.8221 -140.82 -82.9879 
26.3185 -140.863 -83.1575 
26.5809 -139.693 -81.4643 
26.5908 -139.688 -81.435 
26.0426 -141.423 -82.0867 
26.1894 -141.108 -82.6359 
24.8034 -139.488 -84.3982 
24.5877 -139.245 -84.4992 
24.4363 -139.122 -84.4948 
24.9673 -139.634 -84.243 
24.6481 -137.286 -86.3198 
24.8162 -137.997 -85.7815 
24.5296 -137.497 -86.0388 
25.2328 -138.574 -85.4522 
25.2647 -138.922 -85.1436 
25.8585 -138.539 -85.6852 
25.8129 -138.185 -85.9422 
26.2082 -138.452 -85.8365 
26.3598 -138.261 -86.004 
24.5252 -138.243 -85.3912 
24.5501 -138.655 -85.0303 
25.0049 -138.794 -85.1188 
24.6807 -138.937 -84.8359 
24.9224 -139.065 -84.8186 
24.6741 -136.786 -86.6968 
24.4075 -136.659 -86.6439 
24.5617 -136.504 -86.787 
24.4052 -137.049 -86.329 
34.0043 -136.729 -85.4339 
34.1088 -136.063 -86.6274 
34.0815 -136.336 -85.9495 
34.8061 -135.985 -85.2894 
35.199 -135.212 -85.5308 
35.0956 -135.184 -84.7676 
34.8971 -135.418 -86.7876 
35.3538 -134.465 -87.3876 
35.5192 -134.352 -86.4564 
34.6083 -135.884 -85.967 
32.2606 -135.834 -78.1418 
32.5784 -136.855 -78.8911 
31.993 -136.009 -78.0902 
33.1956 -136.985 -80.0554 
32.9007 -137.006 -79.6414 
35.0366 -134.605 -82.7265 
35.6683 -133.342 -83.27 
35.5158 -133.806 -83.5027 
32.9112 -137.197 -79.9074 
35.851 -133.612 -84.3572 
36.3756 -132.672 -84.8256 
36.3487 -132.426 -84.4966 
36.1399 -132.577 -84.0681 
36.4007 -132.031 -84.4591 
39.9454 -121.83 -87.0403 
39.9775 -121.859 -87.1695 
40.0359 -121.373 -87.3742 
31.8126 -139.609 -79.0078 
32.0817 -139.116 -79.373 
36.781 -131.955 -85.5565 
36.9292 -131.376 -85.5317 
36.762 -131.01 -84.8853 
39.7835 -122.331 -87.0132 
36.7757 -132.369 -86.8766 
37.0419 -131.823 -87.8559 
36.4522 -132.681 -87.6499 
36.0356 -133.39 -86.4243 
37.732 -130.148 -87.5917 
37.3397 -130.999 -88.0524 
36.88 -131.779 -86.1868 
37.1057 -131.056 -86.1307 
37.5538 -130.008 -86.686 
35.4816 -134.215 -84.7681 
35.088 -134.674 -83.5617 
37.5044 -129.381 -85.8194 
36.9849 -129.705 -84.607 
37.8186 -130.059 -95.229 
38.1707 -129.806 -95.0505 
38.2998 -129.594 -95.6168 
38.1861 -129.607 -95.8668 
37.7033 -129.864 -95.6333 
38.1568 -129.421 -96.246 
37.7957 -129.538 -96.1686 
37.397 -130.723 -93.3988 
36.9813 -130.991 -93.1379 
36.4649 -131.013 -93.842 
37.0487 -130.668 -94.0445 
34.1486 -131.998 -93.4028 
33.729 -132.421 -92.8877 
33.2929 -132.469 -92.8807 
33.5551 -132.061 -93.352 
36.9608 -131.204 -92.0585 
35.4768 -133.537 -88.8265 
34.3516 -135.587 -86.9902 
34.955 -132.948 -90.9199 
34.6233 -132.551 -92.0864 
34.8021 -131.805 -93.2717 
35.5849 -131.324 -93.7038 
35.9552 -132.385 -90.4432 
34.0528 -132.787 -92.0355 
33.7492 -132.698 -92.3147 
32.087 -138.662 -79.1774 
34.7586 -135.206 -83.2468 
36.4955 -131.942 -90.0085 
36.1219 -132.752 -88.5997 
36.4914 -132.044 -89.3372 
31.1347 -141.514 -80.9362 
30.8536 -141.552 -80.7047 
31.0006 -141.348 -80.47 
31.0565 -140.377 -78.8904 
34.148 -136.251 -85.7611 
29.253 -142.211 -80.2849 
27.7307 -138.758 -85.6305 
27.2784 -138.906 -85.5128 
31.7111 -128.215 -97.6115 
32.6495 -128.741 -97.3314 
32.0482 -129.259 -96.5204 
31.5487 -129.017 -96.5708 
33.004 -127.853 -98.4759 
32.4247 -127.13 -99.0371 
31.7032 -127.549 -98.2757 
37.3005 -130.287 -94.8428 
37.0509 -130.162 -95.2802 
37.562 -129.383 -96.6189 
36.8435 -129.6 -96.439 
36.7675 -130.032 -95.5928 
36.0976 -130.811 -94.4613 
35.4923 -131.157 -94.0115 
36.4231 -130.363 -95.038 
38.133 -128.396 -98.0181 
38.2156 -128.519 -97.6411 
37.9929 -128.866 -97.2484 
37.6798 -128.442 -98.0116 
34.5767 -127.847 -99.1312 
34.9299 -128.124 -98.7643 
34.4826 -127.858 -98.9608 
36.3527 -128.813 -97.8317 
37.1666 -128.442 -98.1393 
36.0709 -129.239 -97.073 
37.4191 -128.037 -98.5505 
34.3141 -127.314 -99.5848 
33.9313 -127.636 -98.966 
35.0928 -125.088 -102.863 
35.3089 -125.046 -103.049 
35.5421 -125.096 -103.008 
35.9298 -125.193 -102.726 
35.1296 -125.555 -102.028 
38.4373 -127.336 -99.1752 
38.3407 -127.931 -98.2585 
38.3673 -129.028 -96.608 
38.6074 -129.041 -96.2594 
38.7624 -128.973 -95.8264 
38.4026 -129.248 -95.8553 
35.6966 -128.549 -98.1217 
36.379 -127.866 -98.8498 
35.0798 -129.297 -97.0021 
34.7405 -129.897 -96.1124 
35.8666 -130.55 -94.8603 
35.1098 -130.491 -95.0797 
34.4034 -126.367 -100.561 
32.5357 -125.955 -100.283 
34.1653 -123.934 -103.642 
32.8856 -123.747 -103.112 
32.1772 -124.574 -101.681 
34.7132 -124.477 -103.283 
33.987 -123.425 -104.082 
33.3086 -123.22 -103.92 
33.6716 -123.165 -104.143 
30.9189 -127.282 -98.1701 
33.7936 -129.482 -96.5994 
33.9968 -129.802 -96.1944 
31.1482 -125.764 -99.8595 
30.5465 -126.464 -98.8164 
36.0931 -127.051 -99.882 
35.5846 -126.641 -100.287 
26.5808 -121.109 -101.941 
26.7048 -122.163 -101.029 
28.2117 -122.957 -101.173 
29.5152 -122.686 -102.264 
29.306 -121.56 -103.277 
27.8871 -120.908 -102.975 
30.3617 -121.797 -103.714 
30.3685 -122.871 -102.608 
30.7367 -122.54 -103.204 
30.7445 -122.276 -103.455 
29.591 -124.527 -100.39 
30.3338 -124.211 -101.128 
30.3471 -124.831 -100.428 
25.2814 -122.445 -99.8904 
28.4566 -124.091 -100.171 
26.8114 -123.873 -99.4383 
26.0184 -123.463 -99.3523 
30.2383 -123.431 -101.906 
27.757 -120.023 -103.674 
28.7189 -120.234 -104.128 
29.5004 -120.959 -103.948 
25.2064 -120.286 -101.743 
24.4152 -121.424 -100.251 
26.5809 -119.774 -103.04 
22.8032 -121.561 -99.1431 
23.9083 -122.732 -98.7753 
21.4979 -119.179 -100.196 
23.3201 -118.968 -101.384 
21.3423 -120.139 -99.3311 
20.8424 -119.496 -99.4784 
38.9594 -117.107 -83.5648 
39.0607 -116.759 -83.7862 
39.0982 -117.32 -84.0675 
21.0832 -117.413 -101.034 
23.2725 -117.483 -102.201 
20.6594 -118.145 -100.261 
21.5945 -122.001 -98.0408 
20.5627 -121.707 -97.6381 
24.9167 -117.391 -103.313 
26.715 -118.925 -103.719 
26.183 -118.133 -103.756 
18.4569 -116.025 -100.158 
18.8196 -116.766 -99.9721 
19.5047 -116.781 -100.337 
18.1395 -116.606 -99.5887 
17.672 -115.732 -99.6593 
17.9832 -115.637 -99.9262 
19.3124 -117.843 -99.5708 
19.7346 -119.126 -98.9991 
17.7555 -115.1 -99.8669 
17.6675 -113.654 -100.109 
20.04 -113.181 -101.45 
22.6812 -114.194 -102.755 
23.7661 -116.083 -102.886 
16.36 -114.227 -99.1548 
16.9473 -115.082 -99.2769 
16.0177 -115.172 -98.6074 
24.3145 -113.423 -103.663 
22.5773 -111.37 -102.579 
20.5457 -110.972 -101.523 
19.8442 -111.788 -101.206 
24.8698 -110.49 -103.438 
22.963 -109.88 -102.201 
25.9203 -112.654 -104.337 
21.046 -109.669 -101.274 
18.9446 -111.258 -100.671 
16.7197 -112.289 -99.5767 
17.5827 -111.383 -99.9296 
16.8361 -111.198 -99.4269 
25.3331 -116.608 -103.739 
26.1018 -115.506 -104.388 
19.5346 -106.845 -99.74 
19.6251 -108.19 -100.157 
18.3315 -108.044 -99.4666 
18.1343 -107.162 -99.0544 
18.0688 -105.784 -98.2814 
19.3895 -105.503 -98.8152 
19.9126 -106.016 -99.2519 
2.49025 -108.115 -93.3511 
2.70535 -108.745 -93.5575 
3.6752 -108.506 -93.586 
4.68745 -107.043 -93.1763 
3.47768 -107.163 -92.9246 
2.80552 -107.612 -93.043 
2.12437 -108.415 -93.3222 
2.2408 -108.56 -93.3749 
23.8927 -103.347 -98.7979 
23.1168 -101.357 -96.9917 
23.9943 -99.7804 -95.3175 
25.8854 -99.1906 -94.7926 
27.2969 -100.191 -95.8801 
27.8322 -100.961 -96.5507 
28.0878 -102.288 -97.5348 
27.2302 -104.242 -99.3371 
27.6692 -107.394 -102.677 
29.0037 -107.466 -102.504 
28.1203 -106.205 -101.14 
25.0266 -107.421 -101.912 
23.2795 -105.414 -100.129 
22.4418 -105.773 -100.188 
22.1751 -106.725 -100.597 
23.417 -108.06 -101.453 
21.9012 -105.297 -99.5376 
20.8395 -106.414 -99.831 
20.7589 -105.689 -99.2987 
25.7515 -109.095 -102.966 
30.8609 -108.83 -103.225 
30.3219 -106.434 -100.791 
29.5356 -105.716 -100.348 
28.6617 -105.728 -100.355 
28.4541 -108.784 -103.812 
30.7065 -109.99 -104.511 
29.5324 -109.735 -104.332 
28.0771 -100.76 -96.0746 
29.2198 -101.131 -95.9476 
29.2721 -101.837 -96.3734 
23.0526 -98.9754 -94.1053 
21.736 -101.39 -96.757 
21.3722 -100.454 -95.6568 
21.9756 -99.5033 -94.4721 
26.2085 -97.9381 -92.9363 
24.7012 -98.0472 -92.8829 
29.9313 -98.2433 -92.4792 
30.6933 -97.9231 -91.5937 
29.9961 -97.1808 -91.2788 
29.0365 -97.1599 -91.428 
28.2085 -97.6664 -92.0365 
30.76 -99.8842 -93.658 
32.0029 -100.674 -93.2689 
31.9457 -99.6742 -92.0789 
30.1528 -101.058 -95.1185 
30.3949 -102.071 -95.7746 
31.8597 -103.232 -95.7938 
22.2521 -103.044 -98.0011 
29.5322 -105.258 -99.6475 
28.4726 -105.149 -99.6493 
30.5262 -105.073 -98.6034 
30.2487 -96.934 -90.7741 
30.6201 -97.164 -90.4798 
33.6599 -98.8728 -89.5166 
34.5361 -99.3908 -89.0849 
35.7101 -100.756 -89.3393 
35.3338 -101.636 -90.8975 
33.1745 -100.358 -91.4405 
31.2331 -97.1437 -89.6932 
32.3111 -97.7867 -89.1334 
38.5648 -102.81 -86.3294 
38.6306 -103.295 -86.3209 
38.7968 -104.186 -86.6103 
39.093 -104.701 -87.7963 
38.674 -104.174 -88.5872 
37.9619 -102.628 -87.4686 
38.0671 -102.547 -86.7191 
37.0486 -102.413 -89.9327 
36.53 -101.514 -88.8779 
36.4382 -102.707 -90.7507 
37.5894 -103.7 -90.1502 
37.1685 -101.993 -87.7747 
38.2331 -104.454 -89.7043 
32.3992 -118.874 -107.051 
31.9935 -118.094 -107.07 
33.2558 -118.202 -107.156 
33.8939 -118.79 -106.972 
33.7548 -119.239 -106.949 
33.1002 -119.229 -106.868 
32.6546 -117.38 -107.124 
31.7158 -117.446 -106.969 
38.7556 -113.142 -99.3203 
37.9465 -110.77 -97.6609 
37.4198 -113.068 -100.73 
33.1658 -111.411 -104.138 
35.7751 -113.079 -102.719 
35.8369 -106.943 -95.804 
34.2999 -105.139 -95.2919 
39.4457 -105.986 -88.2881 
39.5951 -106.738 -89.5044 
38.8914 -105.458 -89.4759 
38.4215 -105.415 -90.3354 
39.2036 -107.794 -91.8726 
39.668 -107.999 -90.8483 
36.6907 -114.719 -103.369 
37.226 -115.242 -103.016 
36.7626 -115.787 -103.988 
32.5782 -112.263 -105.986 
32.9049 -113.154 -106.624 
33.2503 -113.84 -106.777 
33.8424 -115.022 -106.727 
35.1247 -116.147 -105.856 
36.2241 -116.243 -104.761 
31.5794 -111.424 -105.418 
35.6116 -103.217 -92.009 
35.1446 -105.206 -94.3127 
39.1919 -110.186 -94.3922 
40.7743 -110.977 -92.3911 
40.8194 -112.018 -93.149 
40.4644 -111.935 -93.7361 
40.2395 -109.324 -91.1149 
40.2763 -109.001 -90.0805 
40.6605 -111.13 -91.452 
39.8594 -107.923 -89.3514 
41.2539 -114.382 -94.9121 
41.3498 -116.299 -97.3231 
40.1399 -115.655 -98.9636 
41.7676 -116.066 -95.0405 
41.8462 -117.092 -96.4136 
41.8529 -116.886 -95.4043 
39.8152 -107.989 -88.4627 
39.3543 -106.763 -87.6131 
41.1217 -113.911 -90.5369 
41.4167 -114.95 -91.2778 
41.4631 -114.744 -92.2114 
40.9847 -113.288 -91.8652 
42.2921 -119.04 -97.8271 
42.3335 -119.763 -98.7347 
42.069 -119.127 -98.8838 
41.6447 -118.061 -98.6492 
41.6521 -116.043 -93.3 
40.8759 -113.284 -93.2654 
41.425 -116.081 -91.8593 
31.1476 -119.242 -106.352 
30.3235 -118.592 -106.176 
30.5086 -119.182 -105.906 
31.9269 -119.231 -106.617 
30.4924 -117.844 -106.476 
30.1424 -117.229 -106.532 
30.5244 -116.868 -106.693 
41.9322 -117.498 -94.7372 
41.815 -117.249 -94.0855 
39.9287 -109.831 -86.3285 
39.6016 -109.849 -85.3665 
39.6693 -111.302 -85.5812 
39.9952 -111.642 -86.8085 
30.711 -120.182 -105.452 
30.8076 -120.614 -105.11 
30.448 -121.059 -104.439 
28.904 -119.757 -104.604 
30.0319 -119.722 -105.24 
41.8609 -118.636 -92.2811 
42.0819 -118.994 -93.7496 
41.9409 -119.714 -93.1521 
41.771 -119.202 -92.3275 
41.1065 -115.292 -90.2673 
41.2909 -117.237 -91.1155 
41.9045 -118.226 -94.1807 
42.5499 -121.497 -98.14 
42.3453 -121.127 -99.2957 
42.3112 -120.067 -96.7892 
42.4067 -122.287 -98.6458 
42.2508 -122.255 -99.4219 
42.2805 -122.582 -98.7067 
42.1414 -122.678 -99.3082 
42.1544 -119.459 -95.3186 
41.8683 -118.416 -94.6821 
41.5409 -119.239 -91.6234 
40.9367 -118.908 -90.0221 
41.4579 -120.139 -91.7127 
40.8847 -120.214 -90.2531 
27.9117 -119.328 -104.242 
27.4037 -118.949 -104.119 
41.8641 -122.199 -93.3525 
41.5578 -123.019 -92.9408 
41.7731 -122.611 -93.6554 
40.4308 -124.241 -90.1188 
40.0819 -123.544 -88.8736 
39.9468 -124.986 -89.4556 
40.3321 -126.134 -91.6308 
39.8733 -126.208 -90.5051 
39.9574 -126.784 -91.8588 
40.6607 -125.367 -92.3624 
40.7746 -124.209 -91.7827 
41.9676 -122.643 -94.7059 
42.0574 -121.908 -94.8118 
41.7071 -120.998 -93.2224 
42.0789 -122.523 -95.5631 
41.7883 -123.346 -95.4898 
40.325 -121.624 -88.9852 
40.6726 -125.717 -93.6295 
40.1396 -126.765 -93.1484 
41.0851 -124.911 -95.2124 
40.0531 -127 -94.0013 
40.3821 -126.216 -95.0991 
39.3312 -125.881 -88.3366 
39.1797 -126.889 -89.0022 
37.7461 -128.404 -85.5856 
38.1992 -127.083 -85.9433 
37.856 -128.412 -86.1387 
38.6977 -125.76 -86.4793 
38.0487 -128.81 -87.1994 
38.3471 -128.591 -88.1559 
39.4523 -127.95 -92.0991 
38.5072 -129.421 -91.4082 
38.0033 -129.94 -89.5639 
38.103 -129.275 -88.5258 
39.6905 -127.542 -92.9637 
39.4874 -127.91 -93.6603 
38.8052 -129.003 -92.6279 
39.0002 -128.6 -93.1742 
39.4208 -123.312 -86.85 
38.8971 -124.336 -86.1602 
40.1153 -121.095 -87.902 
38.6227 -128.705 -96.6468 
38.2307 -129.658 -94.2296 
39.13 -128.498 -95.2607 
39.1011 -128.437 -94.4591 
38.7088 -128.917 -94.4561 
38.7516 -128.907 -93.2441 
37.9674 -129.336 -87.8654 
37.7919 -129.368 -87.2132 
38.4916 -129.124 -93.9378 
37.4362 -130.635 -91.1973 
39.7024 -127.435 -96.8786 
38.9026 -128.089 -97.0333 
39.6122 -127.546 -96.0796 
40.0783 -126.722 -96.1644 
42.4557 -122.39 -102.087 
42.251 -122.31 -102.264 
42.0611 -122.652 -102.289 
42.1626 -122.503 -101.782 
38.4357 -128.122 -97.6048 
39.3265 -125.856 -100.613 
38.2926 -125.873 -101.103 
37.7306 -125.901 -101.267 
37.1078 -126.012 -101.214 
36.2346 -126.511 -100.417 
40.2318 -126.402 -97.2779 
40.8743 -125.033 -98.7739 
41.3989 -124.302 -97.6582 
41.3798 -124.281 -96.5317 
40.1865 -125.144 -100.06 
42.2737 -122.576 -96.7321 
41.8948 -123.193 -96.3135 
42.1879 -122.204 -96.3436 
42.2318 -122.215 -97.2616 
41.6375 -123.664 -96.7661 
41.6971 -123.507 -97.4545 
42.0363 -122.615 -97.9544 
41.8977 -123.224 -99.8962 
41.3215 -124.052 -99.8093 
41.9933 -122.82 -100.34 
42.2523 -121.948 -101.612 
41.9577 -122.565 -101.096 
42.0712 -120.92 -100.778 
41.8219 -119.477 -100.133 
41.5524 -118.769 -99.7516 
41.7123 -123.095 -100.736 
41.1811 -123.888 -100.85 
41.2706 -123.726 -101.832 
41.34 -123.465 -102.289 
41.4812 -122.883 -102.55 
41.9333 -121.719 -102.099 
41.6387 -121.078 -101.883 
41.3919 -119.076 -100.923 
41.1125 -119.552 -101.898 
41.2122 -120.504 -102.172 
41.2353 -118.721 -100.451 
40.3039 -118.626 -102.474 
40.4295 -118.945 -102.26 
40.5146 -118.347 -101.485 
40.8166 -118.381 -100.746 
40.3648 -117.442 -100.276 
36.8157 -116.825 -104.509 
37.8709 -117.274 -103.698 
39.2472 -118.379 -103.054 
32.2919 -112.9 -106.709 
32.1409 -113.906 -107.513 
32.4517 -114.745 -107.605 
32.9505 -115.053 -107.159 
32.7261 -113.266 -106.447 
31.5851 -113.97 -107.632 
31.8189 -114.427 -107.606 
30.7236 -111.788 -106.225 
31.4424 -112 -105.837 
31.2484 -113.43 -107.338 
30.9802 -112.889 -106.819 
29.6786 -114.968 -106.902 
29.9747 -114.376 -106.981 
28.5256 -114.015 -105.88 
31.0202 -113.453 -107.066 
30.8597 -114.028 -107.118 
29.7983 -115.951 -106.612 
28.555 -116.394 -105.753 
29.369 -117.007 -106.048 
29.4996 -110.388 -104.759 
28.0383 -109.275 -103.903 
27.3723 -109.364 -103.549 
28.2859 -109.711 -103.882 
32.6395 -115.483 -107.274 
31.3715 -114.527 -107.558 
31.2973 -114.813 -107.552 
31.6303 -115.343 -107.442 
32.1113 -115.545 -107.204 
30.7452 -114.51 -107.183 
30.9281 -114.324 -107.037 
30.2704 -115.496 -106.848 
31.3164 -115.543 -107.06 
32.1008 -115.841 -107.009 
32.892 -116.478 -106.87 
28.9623 -117.136 -105.829 
29.418 -117.402 -105.922 
34.6895 -118.101 -106.657 
34.2487 -117.215 -106.405 
34.149 -118.382 -106.75 
32.2083 -120.757 -105.864 
32.9225 -121.246 -105.801 
32.3718 -121.314 -105.432 
31.8728 -121.05 -105.352 
31.2485 -120.255 -105.676 
31.3068 -120.653 -105.313 
31.7282 -119.981 -106.072 
34.5496 -121.06 -106.583 
33.8111 -121.34 -106.079 
34.5549 -121.547 -106.258 
34.8466 -121.497 -106.414 
34.9192 -121.312 -106.508 
34.7363 -120.472 -106.695 
32.2715 -119.601 -106.458 
33.1634 -119.596 -106.666 
34.0283 -119.903 -106.698 
35.1164 -121.246 -106.52 
35.1976 -120.92 -106.419 
33.2092 -121.522 -105.625 
28.8754 -117.621 -105.55 
29.0976 -118.128 -105.492 
34.2177 -119.658 -106.73 
34.8406 -119.828 -106.589 
34.5295 -118.879 -106.525 
35.0896 -121.432 -106.37 
34.9169 -121.555 -106.262 
34.852 -121.748 -106.045 
35.3455 -121.555 -106.098 
35.1197 -122.137 -105.643 
33.0895 -122.417 -104.722 
32.9151 -121.973 -105.027 
34.6118 -122.765 -104.953 
33.984 -122.777 -104.704 
33.6052 -122.69 -104.614 
42.1587 -120.34 -95.9222 
40.0133 -123.58 -104.168 
39.5961 -123.817 -103.856 
39.6369 -122.952 -104.318 
35.6172 -122.889 -105.149 
35.5903 -122.414 -105.413 
36.0405 -122.228 -105.468 
35.8372 -122.691 -105.142 
35.7057 -122.836 -105.024 
34.7176 -123.341 -104.391 
35.3225 -123.227 -104.658 
35.901 -124.129 -103.839 
37 -124.808 -102.984 
35.3023 -124.891 -103.147 
35.0877 -124.575 -103.407 
34.9964 -124.325 -103.576 
34.9281 -123.897 -103.813 
35.6467 -123.431 -104.431 
35.6821 -122.952 -104.788 
39.1288 -122.154 -104.752 
37.8696 -121.167 -105.325 
36.5299 -121.464 -105.603 
38.769 -124.242 -103.346 
35.6863 -121.034 -106.042 
35.804 -120.221 -106.155 
36.4487 -120.07 -105.906 
36.9745 -120.307 -105.546 
36.0458 -119.867 -105.888 
37.28 -125.497 -101.841 
37.7175 -125.699 -101.35 
40.0649 -124.547 -102.812 
40.0458 -124.839 -101.708 
39.5991 -124.182 -103.23 
40.1222 -124.201 -103.038 
40.2686 -124.283 -102.45 
40.3347 -123.537 -103.809 
40.3943 -123.668 -103.476 
40.6574 -123.685 -103.301 
40.6157 -123.843 -102.631 
39.5512 -121.238 -104.583 
38.5201 -120.567 -104.869 
39.1795 -120.629 -104.442 
39.6262 -122.185 -104.295 
40.36 -124.547 -100.799 
40.6941 -123.299 -103.561 
40.8178 -122.842 -103.557 
41.136 -122.599 -103.178 
40.9645 -123.587 -102.125 
41.1039 -122.096 -103.419 
41.1868 -121.649 -103.205 
40.7042 -121.865 -103.581 
41.4245 -121.471 -102.498 
40.3142 -122.489 -103.694 
40.3211 -123.161 -103.513 
40.9309 -120.908 -102.787 
41.1922 -121.086 -102.269 
39.5113 -120.121 -103.927 
40.0686 -121.118 -103.821 
40.0011 -120.311 -103.345 
39.6334 -119.215 -103.045 
42.0031 -121.474 -95.6366 
39.0316 -119.295 -103.671 
38.0572 -118.585 -104.07 
36.2361 -117.955 -105.439 
35.0886 -117.069 -105.716 
37.323 -119.187 -104.907 
35.3105 -118.554 -105.997 
36.6216 -119.705 -105.45 
35.9084 -119.333 -105.632 
34.9174 -124.426 -103.374 
33.7381 -122.864 -104.44 
32.277 -121.698 -105 
32.4685 -122.009 -104.761 
32.6581 -122.537 -104.278 
31.6121 -121.967 -104.329 
31.7997 -122.552 -103.772 
31.9976 -121.794 -104.699 
31.0072 -121.579 -104.293 
31.6093 -121.48 -104.722 
31.1064 -122.472 -103.447 
30.9135 -123.403 -102.328 
31.869 -123.233 -103.042 
27.5662 -118.607 -104.398 
26.9272 -118.037 -104.27 
26.5715 -117.524 -104.175 
15.0256 -113.002 -98.4418 
15.3721 -107.989 -98.1078 
16.3628 -108.639 -98.7251 
16.6619 -107.983 -98.5459 
14.3442 -109.923 -98.0819 
14.0878 -111.083 -97.9328 
16.1788 -109.925 -98.8702 
14.4791 -108.596 -97.6968 
17.8821 -110.863 -99.9587 
17.1299 -109.91 -99.2873 
12.9129 -110.328 -97.3188 
11.5982 -110.671 -96.6974 
10.291 -112.072 -96.1567 
12.2315 -107.924 -96.3983 
10.4266 -107.708 -95.3465 
9.9258 -109.448 -95.7529 
11.719 -109.613 -96.4765 
13.6999 -107.819 -96.9861 
17.3429 -108.9 -99.0685 
14.3521 -106.929 -96.8999 
13.429 -106.746 -96.2954 
19.5023 -100.697 -95.8175 
18.7789 -100.761 -95.5961 
18.4594 -101.681 -96.11 
19.44 -101.141 -95.9873 
17.0242 -100.471 -94.406 
18.3897 -100.13 -94.6232 
17.3537 -102.055 -95.7732 
16.6457 -101.452 -94.8512 
19.2129 -99.8642 -94.5605 
19.749 -100.438 -95.349 
18.48 -102.975 -96.7941 
17.0203 -103.24 -96.2087 
16.0961 -99.624 -92.9747 
16.2088 -100.148 -93.4707 
15.4664 -100.316 -93.0078 
16.6584 -99.2203 -92.8988 
17.1921 -99.0891 -93.0598 
17.697 -99.1869 -93.2722 
18.5251 -99.5154 -93.841 
15.5411 -101.785 -94.3838 
14.9622 -101.576 -93.7751 
15.6367 -103.153 -95.3364 
15.0852 -102.425 -94.4355 
20.432 -96.3638 -88.4829 
19.4628 -96.5483 -88.3092 
19.4707 -96.4549 -87.1281 
17.3501 -99.0523 -92.8682 
16.6491 -99.0343 -92.4499 
17.092 -98.8644 -92.2569 
18.0278 -117.384 -99.0114 
20.0215 -98.4755 -92.8643 
20.317 -98.8389 -93.4265 
19.5471 -99.2596 -93.6143 
18.413 -97 -89.2987 
21.1163 -96.6038 -89.5289 
20.0324 -97.1961 -90.271 
18.0025 -97.9525 -90.954 
19.6057 -97.9007 -91.4195 
17.2738 -98.5138 -91.5211 
27.4252 -95.7658 -86.9388 
28.4318 -96.0351 -86.2477 
28.3555 -96.529 -85.312 
26.9369 -96.161 -86.1918 
24.93 -95.7809 -86.9823 
25.7918 -95.7059 -87.3991 
25.0625 -96.1338 -86.2657 
23.8021 -95.8728 -87.1135 
24.419 -95.7765 -87.4853 
25.0101 -95.8046 -87.5478 
22.5691 -97.625 -82.3193 
19.4549 -96.6858 -84.6898 
19.0104 -97.1572 -83.5269 
20.0034 -97.9366 -81.9002 
21.4957 -98.1282 -81.3814 
23.7653 -98.1879 -81.0002 
22.7771 -98.4209 -80.7124 
24.8924 -98.2729 -80.862 
26.2312 -98.1643 -81.3227 
27.0698 -97.9354 -82.0031 
28.3588 -97.3686 -83.6178 
25.2723 -99.8607 -77.3961 
24.9902 -100.331 -76.4789 
24.1379 -99.8731 -77.6021 
27.3963 -100.291 -77.4752 
27.1626 -100.733 -76.7566 
25.9847 -100.865 -76.1825 
26.7347 -99.7551 -78.3533 
24.7607 -98.5878 -80.2973 
23.8207 -98.9538 -79.5317 
23.6278 -99.4858 -78.5792 
26.5414 -99.0309 -79.8248 
26.6078 -98.4185 -81.0667 
30.3379 -95.6609 -86.9831 
29.9106 -95.7645 -86.8473 
29.8953 -95.722 -87.0522 
29.4073 -95.7475 -87.2898 
28.2727 -95.6715 -87.7551 
28.78 -95.6664 -88.4042 
29.4247 -95.7875 -88.4096 
29.8562 -95.985 -87.8808 
29.438 -96.0598 -86.5403 
30.0591 -96.5283 -85.6978 
29.5449 -96.8128 -85.0808 
33.575 -97.2119 -87.2038 
33.7029 -97.4522 -86.9504 
33.1015 -97.2386 -86.5954 
33.0642 -97.0581 -87.0829 
32.9953 -97.0865 -87.3056 
30.22 -97.2738 -84.3111 
29.6889 -97.5624 -83.6881 
31.0929 -96.9424 -85.4754 
31.4907 -96.6901 -86.1868 
30.9235 -96.0057 -87.0466 
31.248 -96.3634 -86.8007 
27.4243 -117.895 -104.569 
28.063 -118.145 -104.799 
28.1257 -117.905 -104.868 
30.4765 -98.0522 -83.0684 
27.9824 -99.3334 -79.6872 
29.7064 -99.2389 -80.6507 
30.4222 -98.7658 -81.8058 
31.0861 -98.9466 -81.7384 
31.4944 -98.6276 -82.4575 
32.7145 -98.8638 -82.4556 
32.5932 -98.9396 -82.2522 
32.7872 -99.3264 -81.8987 
32.9706 -99.1022 -82.4271 
32.2154 -98.8189 -82.4262 
32.0726 -99.8374 -80.9482 
31.2592 -99.5037 -81.057 
30.6165 -99.7174 -80.4268 
30.8552 -100.422 -79.6019 
29.1805 -100.612 -77.9653 
29.9793 -100.819 -78.4691 
29.0388 -100.927 -77.6347 
28.3727 -100.35 -78.0089 
28.2133 -100.705 -77.5095 
27.6695 -99.8571 -78.7183 
32.1214 -98.7444 -82.5894 
33.2097 -99.531 -82.1468 
33.2085 -100.229 -81.5736 
34.2982 -101.39 -81.6526 
35.3355 -101.25 -82.8395 
35.6938 -102.494 -82.5448 
33.4422 -99.1541 -82.9125 
34.1442 -99.3433 -83.6531 
35.1204 -100.526 -83.4794 
28.1089 -101.202 -76.8413 
28.7626 -101.643 -76.8254 
30.7507 -101.397 -78.6801 
31.4397 -102.929 -77.9412 
29.7338 -102.754 -76.6818 
38.195 -108.081 -81.9596 
38.64 -107.633 -82.5793 
38.7507 -107.466 -82.8305 
38.6475 -107.24 -83.0291 
38.2626 -106.953 -82.9243 
37.2907 -108.624 -80.9541 
37.7795 -108.807 -81.513 
29.9077 -111.272 -72.5371 
29.7774 -111.067 -72.4667 
29.8681 -110.931 -72.7272 
35.9079 -100.962 -83.8941 
33.3021 -98.7944 -83.4937 
33.6574 -98.6076 -84.7323 
36.467 -100.2 -85.7624 
35.5874 -99.4898 -86.3753 
34.6111 -98.9846 -85.9344 
36.4621 -100.835 -85.0513 
36.7283 -100.868 -85.9905 
36.1703 -100.407 -87.1757 
36.6452 -101.05 -86.7235 
38.7665 -107.636 -82.9858 
37.6054 -109.937 -81.1855 
37.073 -109.503 -80.714 
37.8913 -109.663 -81.6851 
37.1987 -110.386 -80.8709 
38.4703 -108.852 -82.461 
38.2925 -109.506 -82.3428 
38.744 -109.065 -83.1452 
38.5043 -110.019 -82.9088 
37.7837 -110.437 -81.662 
38.9252 -107.792 -83.5271 
39.0305 -108.515 -84.2098 
37.2927 -131.047 -88.7089 
33.4532 -130.045 -95.8784 
32.8675 -130.219 -95.5641 
33.1578 -130.609 -95.1252 
31.9626 -129.92 -95.6257 
32.7882 -130.85 -94.7353 
32.0138 -130.571 -94.8328 
29.2028 -128.85 -95.7705 
30.88 -129.611 -95.5444 
27.0557 -129.005 -94.6599 
28.0581 -128.715 -95.3864 
28.6387 -128.096 -96.296 
28.7743 -127.151 -97.2899 
29.751 -126.927 -97.9567 
27.9279 -128.271 -95.7565 
27.0847 -128.016 -95.579 
27.1291 -127.151 -96.4031 
29.5707 -126.363 -98.427 
29.2033 -124.993 -99.6388 
31.1492 -124.059 -101.686 
21.9977 -126.185 -94.4337 
23.6547 -124.131 -97.3468 
25.0547 -124.832 -97.4986 
25.5246 -126.303 -96.3405 
23.7229 -125.528 -96.0241 
25.9834 -128.685 -94.4604 
26.1812 -127.657 -95.4239 
21.9098 -123.437 -96.9477 
0.243806 -110.966 -93.2141 
0.558602 -111.577 -93.12 
0.740363 -111.287 -93.229 
2.64513 -109.812 -93.7719 
2.78761 -110.716 -93.9448 
3.87478 -109.679 -93.9295 
1.77292 -110.705 -93.6062 
1.33035 -110.061 -93.3663 
1.38411 -111.332 -93.3565 
0.506877 -110.454 -93.1567 
1.62129 -111.992 -93.3084 
1.14821 -112.084 -93.0403 
2.54079 -112.493 -93.4059 
4.21703 -114.241 -93.0689 
2.02838 -112.849 -92.8577 
2.94455 -113.608 -92.7437 
2.45357 -107.638 -92.8891 
3.00094 -106.837 -92.5115 
3.37035 -106.154 -92.0834 
6.96148 -105.47 -92.8164 
9.27828 -105.798 -93.7746 
10.7448 -99.4562 -84.3966 
10.5857 -99.5552 -84.3619 
10.2456 -101.327 -90.074 
8.25342 -104.466 -92.4432 
10.4012 -104.236 -93.225 
13.8111 -101.883 -93.1939 
12.7162 -104.203 -94.4374 
14.1376 -103.117 -94.3057 
13.7113 -105.389 -95.6061 
14.9087 -103.834 -95.2427 
14.9305 -105.252 -96.1293 
16.2335 -99.1681 -92.1134 
16.7385 -98.7064 -91.3759 
13.4197 -98.2988 -88.7442 
32.6515 -98.8539 -82.8534 
38.7246 -107.416 -83.403 
38.6444 -107.221 -83.7032 
38.9408 -107.275 -84.7569 
38.7731 -106.172 -85.1968 
38.2274 -105.161 -84.8025 
37.2918 -104.67 -83.6024 
39.5355 -118.875 -85.5402 
39.3003 -118.109 -84.8524 
39.6105 -117.557 -85.7664 
39.9909 -118.917 -87.1696 
40.4043 -113.741 -88.4233 
39.9657 -120.315 -87.3001 
20.3052 -104.909 -98.6584 
21.1295 -104.386 -98.4817 
20.0134 -104.162 -97.8872 
20.3021 -101.016 -96.0232 
20.5082 -100.731 -95.5928 
16.7295 -104.814 -96.7872 
21.5301 -99.0254 -93.6432 
20.4011 -97.8761 -91.6459 
20.6683 -98.5564 -92.6724 
12.8218 -97.782 -87.417 
13.1381 -97.313 -87.1941 
15.4536 -96.9343 -83.9486 
15.2603 -97.4255 -83.6918 
16.272 -97.5207 -83.3477 
17.5493 -97.0061 -84.0668 
18.1774 -96.6582 -84.9329 
16.5874 -96.2955 -85.9436 
18.6886 -96.4897 -86.0974 
16.2365 -96.5984 -87.5246 
15.7829 -96.4208 -86.545 
14.5318 -96.5583 -86.7107 
11.3399 -94.4785 -84.3151 
23.3263 -95.951 -87.5983 
23.8355 -95.904 -87.9022 
24.3742 -95.8691 -87.716 
15.839 -96.3339 -85.9613 
25.8054 -95.6111 -88.0556 
26.3653 -95.6311 -88.5504 
25.2074 -95.8037 -88.186 
22.7814 -96.4534 -89.79 
23.7623 -96.1114 -88.3458 
24.9448 -96.358 -91.0232 
23.7703 -96.6695 -90.7141 
24.8565 -97.1813 -91.6219 
26.1415 -95.9629 -90.642 
26.8501 -96.0602 -90.66 
26.8199 -96.8041 -91.3422 
25.9697 -97.4386 -91.9449 
26.6942 -95.8125 -90.1004 
26.9515 -95.9307 -90.1848 
26.9117 -95.8394 -89.4327 
22.4912 -96.86 -90.4339 
20.9795 -97.3973 -90.7397 
31.3588 -96.3802 -87.154 
31.006 -96.262 -87.4042 
32.4486 -97.478 -85.7762 
34.2315 -98.1227 -87.1525 
34.6458 -98.8354 -86.7412 
34.2683 -98.6139 -87.4485 
33.9257 -98.0737 -87.6073 
36.4851 -101.449 -84.2395 
36.6376 -101.478 -84.7034 
32.5324 -96.8757 -87.1796 
32.0051 -97.0346 -86.2978 
32.0348 -96.903 -86.9404 
32.3605 -96.9549 -87.6108 
31.768 -96.7356 -87.758 
31.665 -96.7971 -87.2816 
32.085 -97.2873 -88.1851 
37.7335 -102.153 -86.3419 
37.7363 -102.638 -85.4517 
38.0118 -103.063 -85.5985 
38.2648 -103.187 -86.1177 
37.1679 -101.62 -86.4662 
36.9873 -102.111 -84.8162 
37.0683 -101.786 -87.0005 
37.4559 -102.315 -86.975 
36.0135 -101.032 -88.4869 
39.5983 -108.395 -86.8934 
39.1182 -107.327 -85.9146 
38.8622 -106.306 -86.1099 
38.3685 -104.859 -85.706 
37.7411 -103.644 -85.2716 
34.6713 -123.928 -77.3651 
34.6746 -124.454 -77.5923 
38.9034 -123.041 -85.4055 
38.5872 -123.915 -85.1644 
39.2379 -120.991 -85.3039 
38.8881 -122.233 -85.0551 
38.1599 -123.013 -83.5993 
38.2861 -122.472 -83.7176 
38.5073 -122.693 -84.448 
38.2812 -125.735 -85.4349 
37.9892 -124.33 -83.9853 
36.8834 -131.464 -89.3999 
36.8651 -131.309 -90.166 
26.2805 -129.04 -94.2198 
33.2528 -131.738 -93.755 
32.7551 -132.218 -93.0495 
33.1779 -131.273 -94.2616 
33.4665 -131.248 -94.2692 
37.0624 -124.653 -81.8601 
36.5287 -124.916 -80.8609 
36.455 -125.46 -80.9863 
36.8318 -123.992 -81.2209 
37.0227 -123.935 -81.6319 
21.3973 -122.742 -97.2591 
11.0897 -95.8101 -85.1264 
11.8634 -95.5908 -85.226 
13.0361 -95.899 -85.7013 
11.868 -96.7463 -85.9284 
11.0974 -96.4204 -85.3678 
10.4527 -96.4994 -85.1929 
12.711 -95.5092 -85.2143 
10.8198 -94.4414 -84.2282 
11.076 -94.4846 -84.2739 
10.964 -94.4687 -84.2463 
10.8762 -94.5669 -84.2572 
24.8422 -95.9243 -87.7884 
27.436 -95.703 -88.4057 
27.638 -95.8121 -88.9311 
27.3131 -96.1586 -90.4799 
28.1183 -96.4773 -90.644 
27.7037 -97.1387 -91.3144 
28.5596 -95.8558 -88.9869 
28.6093 -96.0216 -89.4528 
28.4753 -96.2777 -89.8546 
30.0022 -96.5205 -90.39 
29.9418 -96.7555 -90.5942 
29.5887 -96.756 -90.6247 
30.7291 -96.3853 -87.9859 
29.9122 -96.123 -89.2135 
29.4759 -96.0331 -88.9407 
30.4224 -96.4524 -88.9027 
29.1478 -96.1202 -89.1521 
23.0408 -100.766 -73.5002 
23.333 -100.955 -73.4538 
30.6393 -96.8229 -89.5012 
25.7126 -102.609 -72.6104 
25.4335 -102.738 -72.55 
25.3306 -102.612 -72.7513 
36.6215 -102.139 -84.2621 
28.7521 -104.229 -73.8418 
28.8324 -104.267 -74.0542 
28.7016 -104.123 -74.1469 
36.4411 -102.829 -83.6899 
37.0507 -103.808 -84.2371 
38.9023 -118.719 -84.0809 
38.4318 -117.29 -82.8488 
38.2735 -118.343 -82.7921 
37.6144 -118.433 -81.6775 
35.5891 -118.33 -78.6564 
36.1521 -119.493 -79.4057 
36.7198 -119.612 -80.3752 
39.0067 -119.684 -84.5816 
36.011 -120.578 -79.2973 
36.4129 -120.882 -80.0057 
36.1371 -121.168 -79.6529 
38.4087 -120.144 -83.4491 
38.0506 -118.969 -82.6614 
38.0727 -121.702 -83.1349 
34.2949 -131.42 -93.972 
34.8187 -131.34 -93.8773 
34.7137 -131.038 -94.2908 
25.9612 -124.061 -98.7349 
28.88 -96.9641 -90.8992 
28.6902 -96.2725 -89.4859 
30.2288 -96.806 -89.899 
22.9585 -100.902 -74.0724 
22.6156 -101.127 -73.9777 
22.586 -101.304 -73.8693 
34.0016 -98.8745 -88.4402 
37.5311 -122.529 -82.2924 
36.7128 -122.132 -80.7725 
36.0124 -122.02 -79.6158 
37.1131 -123.197 -81.7133 
35.5509 -128.132 -80.1973 
35.8227 -126.812 -80.2686 
35.4705 -126.812 -79.6154 
35.6664 -125.411 -79.6083 
-1.31062 -110.296 -92.777 
-1.21758 -110.001 -92.5869 
-0.430977 -109.615 -92.6845 
-0.104292 -110.339 -92.9199 
-0.901971 -110.355 -92.7695 
0.592573 -109.193 -92.8559 
1.95467 -108.483 -93.1728 
1.39333 -108.542 -92.8644 
-0.138055 -108.146 -92.1889 
0.244275 -108.142 -92.3098 
0.0441498 -108.58 -92.3494 
0.994219 -107.693 -92.279 
1.69389 -107.964 -92.6207 
0.261796 -107.515 -91.8178 
1.20071 -107.022 -91.7825 
3.27861 -100.599 -85.9203 
4.00306 -100.425 -85.692 
2.78712 -101.088 -86.0218 
11.8186 -95.1525 -84.8856 
11.5754 -95.2927 -84.9541 
11.4902 -95.2164 -84.8424 
7.4484 -98.863 -85.5133 
7.51524 -98.5288 -85.1555 
9.11834 -97.2397 -85.0185 
11.1516 -95.4321 -84.9095 
10.7571 -95.155 -84.6162 
11.0632 -95.172 -84.6761 
10.1245 -95.4312 -84.4788 
9.867 -95.7523 -84.512 
9.64836 -96.0851 -84.5737 
9.38122 -96.6714 -84.7194 
12.3412 -97.823 -85.1452 
14.1277 -97.9993 -83.8039 
11.6898 -95.0328 -84.6935 
11.1095 -94.9113 -84.5409 
10.9049 -95.0844 -84.5798 
10.6504 -94.9532 -84.4463 
10.7907 -94.875 -84.4126 
34.6581 -114.189 -77.5548 
34.521 -112.356 -77.6549 
36.8431 -123.087 -81.2662 
35.0578 -124.515 -78.4053 
35.2081 -122.808 -78.4532 
32.1599 -133.151 -76.8788 
32.2328 -132.384 -76.5965 
31.8582 -133.631 -76.7244 
32.0554 -133.607 -77.0018 
32.2616 -133.148 -77.1069 
32.4328 -132.755 -77.1167 
32.5697 -132.129 -76.9703 
32.0718 -134.048 -77.2926 
31.9359 -134.061 -77.137 
32.1342 -134.251 -77.5241 
32.544 -132.993 -77.7072 
32.6044 -132.665 -77.4924 
32.8646 -132.048 -77.4803 
32.4383 -133.344 -77.7569 
32.4673 -132.893 -77.3709 
32.3682 -133.256 -77.4695 
23.5691 -136.815 -86.0543 
23.1474 -136.626 -85.9231 
23.1945 -136.15 -86.3355 
23.6251 -136.409 -86.3671 
24.1323 -137.196 -86.0283 
24.0959 -136.267 -86.7222 
23.7368 -135.513 -87.0717 
22.8904 -135.344 -86.741 
1.132 -114.643 -88.0152 
1.85771 -115.427 -88.4582 
1.31098 -114.646 -89.1521 
0.976474 -114.292 -88.4697 
2.22107 -114.154 -85.3502 
4.59386 -118.624 -87.212 
7.05009 -120.24 -89.7185 
1.85849 -113.942 -91.6684 
3.0797 -114.386 -92.1342 
2.57107 -113.734 -92.3511 
1.62851 -113.215 -92.1677 
-2.07748 -111.676 -92.2193 
-1.48752 -111.734 -92.3386 
-1.16096 -111.951 -92.1323 
-2.38711 -111.337 -92.1345 
-1.79853 -111.171 -92.3901 
-1.9914 -110.98 -92.2844 
-2.14203 -110.979 -92.1052 
3.8389 -115.613 -91.4407 
-1.26614 -110.494 -92.6614 
-7.71468 -104.785 -91.6613 
-7.67887 -104.767 -91.6423 
-7.70716 -104.763 -91.6714 
0.348803 -103.418 -85.2071 
0.399137 -103.397 -85.4332 
0.700727 -103.209 -85.1732 
0.225312 -105.004 -88.7063 
0.788779 -104.122 -88.2672 
-0.71342 -108.005 -91.6589 
-0.978116 -108.269 -91.479 
-0.575484 -108.331 -91.859 
-0.160141 -107.433 -91.3527 
0.00595929 -106.852 -90.6359 
-0.754238 -107.415 -90.0831 
-0.426734 -106.504 -89.1131 
-0.957027 -108.133 -90.9555 
1.0286 -103.465 -87.663 
0.668189 -103.481 -86.7556 
1.35005 -102.32 -85.9599 
2.08971 -101.657 -85.7605 
1.56807 -102.027 -85.5137 
1.91269 -101.815 -85.4701 
1.7253 -102.131 -85.0886 
0.478075 -103.856 -85.884 
1.32789 -102.704 -84.972 
2.34473 -101.499 -85.5474 
3.11071 -100.996 -85.4825 
0.059864 -104.964 -87.8433 
0.27111 -104.663 -87.3288 
3.62136 -100.849 -85.0438 
4.4874 -100.301 -85.2952 
2.35476 -102.038 -84.4673 
1.57954 -102.834 -84.6104 
3.43007 -101.387 -84.4265 
4.11352 -100.986 -84.3458 
5.35006 -100.051 -84.7331 
3.80921 -102.509 -83.0274 
4.21595 -102.204 -83.1633 
6.08547 -102.453 -82.4728 
5.39164 -103.363 -82.3037 
4.06303 -103.219 -82.8004 
7.37115 -98.8312 -84.5435 
7.88052 -99.6391 -83.8808 
7.5354 -101.408 -82.7888 
3.76116 -101.716 -83.9561 
10.0593 -100.667 -82.5799 
9.44448 -101.609 -81.995 
8.58553 -102.061 -82.0388 
7.50128 -102.988 -81.9415 
3.2208 -102.224 -83.7978 
3.6762 -102.419 -83.3943 
3.25421 -102.722 -83.5171 
8.80813 -97.2792 -84.4967 
9.83343 -96.0367 -84.4018 
9.72098 -95.9578 -84.3733 
9.37071 -96.5656 -84.4752 
9.36486 -96.6431 -84.593 
9.5449 -96.3961 -84.5217 
22.3281 -101.977 -73.6324 
10.5596 -95.2952 -84.2865 
10.3308 -95.2299 -84.2709 
10.419 -95.5092 -84.3575 
10.0597 -95.506 -84.3198 
10.2215 -95.8372 -84.4181 
10.2098 -96.451 -84.5907 
10.452 -95.9675 -84.4991 
10.5761 -95.7712 -84.4777 
10.3458 -95.1762 -84.4228 
10.552 -95.0656 -84.388 
9.91169 -102.247 -81.521 
7.81694 -104.482 -81.2757 
14.7767 -98.6602 -82.5824 
15.4883 -98.846 -82.0658 
14.8818 -99.267 -81.9483 
16.8331 -98.7978 -81.7176 
14.4084 -100.298 -81.2475 
16.0652 -100.227 -80.6262 
11.0411 -99.8756 -83.7419 
19.0324 -104.076 -76.1965 
19.5384 -102.676 -76.4536 
21.1148 -101.614 -75.7994 
21.9464 -101.704 -74.5859 
19.5105 -98.6653 -80.8692 
20.6576 -98.6175 -80.623 
20.9841 -99.0799 -79.6342 
20.6426 -99.3827 -79.3314 
20.3457 -100.483 -77.9564 
18.5889 -101.494 -78.0836 
16.9552 -101.618 -78.9966 
18.5696 -102.543 -77.5149 
21.838 -100.745 -76.6543 
22.6726 -99.8993 -77.9778 
21.7343 -99.4418 -79.0143 
22.5894 -99.2826 -79.1307 
22.9799 -99.625 -78.6227 
29.3086 -110.863 -72.2831 
29.4913 -111.062 -72.4192 
29.4718 -111.234 -72.4409 
23.6458 -101.174 -73.7054 
24.2765 -101.526 -73.5917 
24.6053 -101.105 -75.0566 
23.2878 -101.101 -74.9802 
28.2014 -101.789 -76.321 
27.8952 -109.194 -72.1349 
27.8072 -108.823 -72.2282 
26.5584 -109.638 -72.0209 
27.1614 -109.607 -72.1532 
29.5225 -109.426 -72.9136 
28.916 -108.818 -72.738 
28.9122 -110.378 -72.3869 
29.4518 -110.1 -72.8092 
29.4479 -108.388 -73.2596 
29.9187 -110.482 -73.137 
30.3438 -112.46 -73.1519 
31.1719 -112.083 -74.0379 
29.9429 -111.861 -72.7714 
29.5787 -111.816 -72.6621 
29.2916 -112.333 -72.7804 
27.8386 -111.581 -72.4449 
33.339 -115.356 -75.9886 
31.9136 -114.477 -74.4967 
31.7423 -112.684 -74.5842 
30.7692 -113.662 -73.6033 
28.7356 -116.334 -72.0288 
28.2044 -115.824 -71.759 
27.6425 -115.036 -71.567 
29.0732 -114.142 -72.6651 
29.9381 -114.891 -72.91 
30.633 -116.547 -73.2268 
29.7204 -116.903 -72.7056 
30.0543 -114.002 -73.1776 
29.4413 -113.484 -72.9762 
31.6782 -116.271 -74.2618 
26.9084 -111.791 -72.4702 
32.4818 -117.735 -75.0119 
33.3478 -117.272 -76.0736 
31.021 -118.044 -73.5449 
31.8396 -118.541 -74.3756 
28.0252 -141.713 -82.3679 
27.5109 -141.754 -82.2596 
27.2702 -141.844 -81.9497 
27.1966 -141.524 -82.4734 
27.2943 -141.323 -82.8239 
27.7951 -141.286 -83.0084 
27.5653 -141.223 -82.9824 
26.5781 -139.674 -81.4779 
26.5831 -139.684 -81.4548 
28.2654 -140.931 -83.4079 
27.6469 -138.26 -86.0682 
27.6184 -141.079 -83.1283 
26.9971 -138.72 -85.647 
26.9796 -138.285 -85.9998 
26.5896 -138.357 -85.9111 
26.4321 -138.521 -85.7521 
25.0868 -139.435 -84.517 
26.8273 -142.17 -81.1271 
26.5711 -141.74 -81.6052 
26.697 -141.123 -82.8131 
27.0766 -141.069 -83.0059 
26.5702 -139.691 -81.4741 
23.0554 -98.9482 -79.8109 
28.7177 -108.301 -72.7202 
28.242 -108.356 -72.5026 
28.1875 -107.936 -72.5068 
28.9398 -107.867 -73.1243 
32.7385 -131.27 -76.7572 
32.1778 -133.287 -77.0549 
32.2725 -133.666 -77.5726 
32.1553 -133.541 -77.1821 
32.2226 -133.753 -77.4353 
32.2218 -134.047 -77.5734 
26.5742 -139.696 -81.4628 
26.5816 -139.687 -81.4562 
26.5895 -139.683 -81.4248 
26.5775 -139.694 -81.4569 
26.5823 -139.682 -81.4382 
32.2879 -133.877 -77.8273 
32.3101 -133.887 -77.8722 
22.4736 -140.25 -80.1093 
24.593 -139.089 -84.6019 
27.1964 -102.862 -73.9246 
26.768 -102.903 -73.5734 
26.8957 -102.449 -74.5147 
24.8423 -102.42 -73.0619 
25.8409 -101.574 -75.3539 
26.3742 -103.073 -73.1297 
27.773 -102.553 -75.2876 
26.6503 -103.68 -73.1635 
28.0995 -104.981 -73.2917 
27.5637 -104.629 -73.3478 
27.8803 -103.664 -74.1849 
28.5357 -103.832 -74.5611 
28.6222 -104.616 -73.8435 
29.6338 -104.752 -74.7421 
29.8855 -105.811 -74.5372 
29.4117 -106.788 -73.9013 
29.0127 -104.618 -74.2979 
32.1299 -121.94 -74.3814 
32.0582 -119.886 -74.5421 
31.3062 -120.239 -73.8796 
35.1382 -120.719 -78.3056 
34.2287 -118.76 -77.1882 
32.8748 -118.77 -75.6808 
33.8097 -129.338 -77.4675 
33.5578 -130.314 -77.5806 
33.1367 -131.291 -77.5298 
32.5997 -135.082 -78.4216 
32.4076 -134.651 -78.0823 
32.3525 -134.359 -77.949 
32.4311 -134.398 -78.1583 
24.9756 -139.495 -84.3765 
15.5186 -129.418 -86.7446 
29.0151 -103.692 -75.2688 
28.2102 -103.377 -75.0006 
29.2354 -117.633 -72.329 
29.8145 -117.874 -72.819 
31.6706 -138.324 -78.593 
32.1791 -137.643 -79.0532 
32.5328 -134.613 -78.3713 
31.2378 -139.037 -78.4723 
30.6047 -139.588 -78.3122 
-1.82013 -110.46 -88.4691 
-1.66983 -110.275 -88.1943 
-1.6634 -109.984 -88.5039 
6.2746 -104.554 -81.8042 
2.56098 -115.235 -90.3271 
4.61264 -118.773 -88.1973 
3.51289 -117.302 -88.3328 
2.76016 -115.956 -89.0315 
5.29905 -119.289 -87.7126 
1.3878 -114.062 -90.5336 
-7.69983 -104.758 -91.6756 
-7.72921 -104.782 -91.6852 
-7.70853 -104.774 -91.666 
-7.75174 -104.805 -91.679 
-0.533165 -108.886 -92.165 
-1.2904 -109.046 -91.8034 
-1.84703 -109.616 -91.8476 
-1.65592 -110.055 -92.1957 
-7.71449 -104.763 -91.6824 
-2.24303 -109.741 -91.39 
-2.67767 -110.492 -91.6929 
-2.92015 -110.59 -91.4473 
-2.89468 -110.401 -91.1682 
-2.70954 -110.121 -90.9847 
-2.19241 -109.722 -90.8849 
-1.92225 -110.489 -92.1545 
-2.09697 -110.64 -91.9328 
-1.56127 -110.801 -92.4378 
-1.67576 -110.745 -92.2284 
3.26641 -109.018 -82.5511 
4.2709 -109.186 -82.101 
-3.06887 -111.219 -91.9042 
-2.74433 -111.451 -91.9091 
-2.57517 -111.318 -91.9306 
-3.11829 -111.133 -91.7296 
-3.06706 -111.081 -91.5856 
-2.87929 -111.203 -91.4953 
-2.43668 -111.619 -91.6806 
-2.42563 -111.519 -91.421 
-1.69537 -111.881 -91.3338 
-2.7814 -110.927 -91.7123 
-2.85619 -110.881 -91.4044 
-2.80195 -111.205 -90.9834 
-2.63346 -110.929 -90.7215 
-2.69838 -111.014 -90.9778 
-2.58003 -111.311 -91.0966 
-2.64533 -111.103 -91.1739 
-2.26336 -111.56 -91.8829 
5.95399 -119.878 -87.2488 
8.59779 -123.083 -86.0337 
9.89235 -123.824 -87.7212 
15.8362 -134.095 -79.876 
28.9107 -142.145 -79.96 
28.3973 -140.814 -77.7235 
30.274 -138.996 -77.8881 
29.2565 -138.584 -77.4667 
27.8102 -139.58 -77.1317 
27.7857 -140.3 -77.4776 
30.7658 -138.472 -78.0867 
30.8821 -137.476 -77.8584 
30.6872 -123.993 -73.804 
30.4703 -118.993 -73.3748 
22.4217 -101.526 -74.2598 
11.0192 -94.6467 -84.2698 
10.6814 -94.6416 -84.2367 
10.8468 -94.6934 -84.2626 
10.476 -95.0694 -84.3269 
10.2984 -95.1784 -84.3291 
10.8402 -94.7679 -84.3033 
10.0976 -95.4153 -84.4092 
9.87401 -95.9698 -84.5239 
3.02343 -103.797 -83.0592 
2.8964 -103.527 -83.3736 
2.93656 -104.404 -82.969 
0.954365 -103.752 -84.389 
1.22638 -104.135 -83.943 
0.98728 -104.162 -84.2002 
2.29815 -104.028 -83.5114 
0.707406 -104.543 -84.2982 
0.234736 -104.776 -84.9173 
0.265985 -104.422 -85.1498 
0.534671 -104.099 -85.0569 
-0.869302 -107.611 -85.1236 
-0.787569 -108.069 -85.2399 
-0.313127 -107.713 -84.9211 
-0.793909 -107.228 -85.3286 
-0.882482 -108.278 -85.6574 
-1.00552 -107.944 -86.3787 
-0.720457 -107.282 -85.7489 
-0.508444 -106.896 -85.2152 
-0.118743 -107.336 -84.8737 
-0.40245 -106.652 -85.4908 
1.21261 -104.908 -83.7908 
2.7363 -104.358 -83.2057 
1.18733 -105.715 -83.7168 
0.351228 -104.589 -85.4897 
-0.629374 -106.427 -87.2751 
-0.918338 -107.732 -87.0496 
-0.112539 -105.838 -85.8815 
0.0183148 -105.417 -87.4563 
-1.19684 -108.682 -91.2631 
-7.69821 -104.784 -91.6799 
-7.73472 -104.801 -91.648 
-1.26473 -110.092 -87.2434 
-1.01954 -109.919 -86.8135 
-1.16631 -109.361 -87.1326 
-1.21067 -110.402 -87.5958 
-1.19533 -108.747 -87.5112 
-1.50032 -109.207 -88.8593 
-0.705707 -107.078 -88.6198 
-1.12268 -108.263 -89.4679 
-0.57856 -108.844 -85.4119 
-0.417391 -109.554 -85.5579 
-0.0383789 -109.498 -85.2276 
-0.324957 -110.325 -86.0725 
0.272402 -109.915 -85.1601 
0.39249 -110.574 -85.4969 
-0.98528 -108.707 -87.0303 
0.0610485 -105.649 -85.1893 
-7.67292 -104.765 -91.6583 
-7.68855 -104.765 -91.65 
-7.70741 -104.782 -91.6746 
-7.6839 -104.768 -91.6623 
-1.69387 -109.226 -90.9569 
-1.66682 -109.271 -90.2813 
0.108816 -106.306 -84.828 
-0.126432 -106.673 -85.2018 
-2.67377 -110.309 -90.7951 
-2.30328 -110.25 -90.2836 
-1.8411 -109.836 -89.8694 
-2.68098 -110.511 -90.9938 
-0.409413 -112.017 -92.3773 
0.544271 -111.876 -92.7866 
-0.0180807 -112.404 -91.8814 
27.2163 -140.576 -77.5336 
0.695218 -106.669 -84.2215 
1.84362 -107.492 -83.2404 
1.22272 -107.341 -83.8117 
0.441828 -107.323 -84.5314 
1.07383 -107.851 -84.0004 
1.60564 -108.381 -83.7009 
2.62665 -109.537 -83.3271 
-2.6568 -110.94 -91.1836 
-2.5191 -110.812 -90.9918 
-2.06622 -110.57 -90.1157 
2.98516 -111.171 -83.6482 
-2.23174 -111.428 -90.7549 
-0.961677 -112.492 -88.1581 
-1.12361 -112.127 -88.315 
-1.07883 -112.23 -88.7557 
-0.510298 -112.817 -88.3769 
-1.69402 -111.342 -89.6492 
-1.40403 -111.781 -90.2223 
-1.24998 -111.775 -89.5196 
-0.301217 -112.507 -90.9546 
0.419302 -113.654 -88.1162 
-1.49411 -111.143 -88.7268 
-1.03651 -111.643 -88.0393 
-0.596658 -112.472 -87.7426 
-0.0909003 -112.926 -87.6899 
0.466062 -113.349 -86.4927 
0.0187747 -112.864 -86.8234 
-0.125471 -112.686 -87.2323 
0.0290762 -112.537 -86.7231 
0.334336 -112.634 -86.3443 
1.57437 -113.122 -85.3931 
0.809791 -112.523 -85.9036 
2.00145 -112.671 -84.9821 
0.170593 -112.158 -86.199 
0.470964 -111.835 -85.9412 
1.16994 -111.457 -85.2538 
1.64487 -110.77 -84.599 
0.768327 -109.72 -84.8487 
1.04731 -108.659 -84.3555 
0.04467 -111.97 -86.4796 
-0.100412 -111.258 -86.4614 
0.69533 -107.939 -84.4814 
-0.768979 -110.846 -87.3358 